t;vds;corrente;vg
0.02495;0.0276736;0.198067;0.161405
0.0499;0.027063;0.198905;0.163093
0.07485;0.0272186;0.198913;0.158723
0.0998;0.026584;0.199009;0.152129
0.12475;0.0262289;0.198482;0.148719
0.1497;0.0269313;0.197995;0.143693
0.17465;0.0261851;0.198985;0.138939
0.1996;0.0262051;0.199081;0.135258
0.22455;0.0251515;0.198849;0.127991
0.2495;0.0257581;0.199121;0.123941
0.27445;0.0263766;0.198945;0.118867
0.2994;0.0255387;0.198738;0.112048
0.32435;0.0253989;0.199145;0.109343
0.3493;0.024944;0.198738;0.103869
0.37425;0.0256145;0.199033;0.099803
0.3992;0.024505;0.197541;0.0953689
0.42415;0.0246526;0.198857;0.0890133
0.4491;0.0250758;0.198865;0.0852999
0.47405;0.0251516;0.199169;0.0798737
0.499;0.0237747;0.198323;0.0743836
0.52395;0.0246167;0.198985;0.0717426
0.5489;0.0246208;0.199065;0.0656601
0.57385;0.0235752;0.199121;0.060458
0.5988;0.0237748;0.198634;0.055912
0.62375;0.0240781;0.199224;0.0506618
0.6487;0.0228609;0.198514;0.0472682
0.67365;0.0235593;0.198051;0.0405931
0.6986;0.0240581;0.199025;0.0371838
0.72355;0.024126;0.199033;0.0319497
0.7485;0.0234635;0.199185;0.0268756
0.77345;0.0230245;0.198849;0.0221374
0.7984;0.0227173;0.198913;0.0161189
0.82335;0.0229767;0.199089;0.0107245
0.8483;0.0233318;0.199081;0.00733114
0.87325;0.0223661;0.198841;0.000928395
0.8982;0.0225936;0.198738;-0.00236901
0.92315;0.0222425;0.198945;-0.00798742
0.9481;0.0225018;0.198857;-0.0120051
0.97305;0.0225976;0.199224;-0.0167752
0.998;0.021608;0.199097;-0.0236102
1.02295;0.0225218;0.199057;-0.0284282
1.0479;0.021588;0.199193;-0.0321258
1.07285;0.0229168;0.19873;-0.0386404
1.0978;0.0222663;0.198546;-0.0422101
1.12275;0.0217157;0.199097;-0.0479567
1.1477;0.0221706;0.199041;-0.0546954
1.17265;0.0216837;0.199224;-0.058409
1.1976;0.0221746;0.199224;-0.0638994
1.22255;0.0214962;0.199129;-0.0689574
1.2475;0.0217436;0.199065;-0.0724949
1.27245;0.0215042;0.199185;-0.0796977
1.2974;0.0219192;0.198889;-0.0854599
1.32235;0.021588;0.199105;-0.0878609
1.3473;0.0214763;0.199145;-0.092904
1.37225;0.0212688;0.199224;-0.0970818
1.3972;0.0211611;0.199041;-0.103597
1.42215;0.021161;0.199049;-0.10715
1.4471;0.0213605;0.199161;-0.111824
1.47205;0.0208059;0.198953;-0.117186
1.497;0.0208179;0.199153;-0.120404
1.52195;0.0207141;0.198993;-0.127447
1.5469;0.020774;0.198658;-0.132168
1.57185;0.0208338;0.198857;-0.137562
1.5968;0.0205505;0.199041;-0.143773
1.62175;0.0205585;0.198945;-0.146798
1.6467;0.0206502;0.199065;-0.151792
1.67165;0.0206144;0.198801;-0.157507
1.6966;0.020335;0.199224;-0.160932
1.72155;0.0205665;0.198961;-0.167687
1.7465;0.0204108;0.199089;-0.173465
1.77145;0.0200717;0.198969;-0.175722
1.7964;0.0206343;0.19877;-0.182268
1.82135;0.0201714;0.198913;-0.184542
1.8463;0.0204308;0.199065;-0.19077
1.87125;0.0202672;0.198977;-0.195124
1.8962;0.0199998;0.199224;-0.197317
1.92115;0.0202033;0.198857;-0.191699
1.9461;0.0203191;0.198889;-0.185806
1.97105;0.0205784;0.198969;-0.183421
1.996;0.0203789;0.198929;-0.176138
2.02095;0.0204188;0.199097;-0.175018
2.0459;0.0206423;0.198442;-0.168247
2.07085;0.020343;0.198674;-0.163189
2.0958;0.0208697;0.198738;-0.159443
2.12075;0.0209017;0.199201;-0.152449
2.1457;0.0208418;0.199097;-0.149119
2.17065;0.0210134;0.198498;-0.143773
2.1956;0.0205944;0.198498;-0.139964
2.22055;0.0209456;0.198434;-0.135626
2.2455;0.0206822;0.198809;-0.128103
2.27045;0.0210693;0.199169;-0.122821
2.2954;0.0208498;0.198745;-0.119219
2.32035;0.0210174;0.198953;-0.11224
2.3453;0.0213845;0.198985;-0.109247
2.37025;0.0211171;0.198993;-0.103837
2.3952;0.0213287;0.198897;-0.0991627
2.42015;0.0212368;0.198985;-0.0951607
2.4451;0.0213925;0.199065;-0.0885172
2.47005;0.021612;0.198522;-0.0875568
2.495;0.0218514;0.198929;-0.0802899
2.51995;0.0218075;0.198841;-0.0744316
2.5449;0.0222624;0.199193;-0.0710383
2.56985;0.0220429;0.198642;-0.0642675
2.5948;0.0216718;0.197916;-0.060522
2.61975;0.0220908;0.198985;-0.055848
2.6447;0.0222225;0.198794;-0.0490772
2.66965;0.0221028;0.199025;-0.0444507
2.6946;0.0223582;0.198714;-0.0398888
2.71955;0.0222305;0.199065;-0.0341746
2.7445;0.0226295;0.199169;-0.0307012
2.76945;0.0225417;0.198921;-0.0241544
2.7944;0.0223621;0.198299;-0.0196243
2.81935;0.0226774;0.199129;-0.0151104
2.8443;0.022853;0.198674;-0.00816349
2.86925;0.0229368;0.198243;-0.00468999
2.8942;0.0231243;0.198785;0
2.91915;0.0229288;0.198929;0.00534627
2.9441;0.0233238;0.197955;0.00846762
2.96905;0.0227133;0.197979;0.0156387
2.994;0.0231083;0.198778;0.0194163
3.01895;0.0234794;0.199065;0.0239943
3.0439;0.0236749;0.199224;0.0311173
3.06885;0.0239104;0.199025;0.0331822
3.0938;0.0237947;0.199097;0.0399369
3.11875;0.0240701;0.198817;0.0450594
3.1437;0.0241019;0.199009;0.0479727
3.16865;0.0238944;0.198642;0.0554318
3.1936;0.0239782;0.198722;0.0578648
3.21855;0.0244172;0.198067;0.0638994
3.2435;0.0244971;0.198674;0.0698858
3.26845;0.0242816;0.198379;0.072831
3.2934;0.0250159;0.198187;0.0794736
3.31835;0.02496;0.197772;0.0821787
3.3433;0.0252313;0.197045;0.0878609
3.36825;0.0253032;0.19857;0.0934483
3.3932;0.0251715;0.197963;0.0967296
3.41815;0.025359;0.197628;0.103837
3.4431;0.0253591;0.19774;0.10755
3.46805;0.0259457;0.197971;0.111824
3.493;0.0260893;0.198674;0.116258
3.51795;0.0259776;0.198865;0.120884
3.5429;0.0260335;0.198442;0.127479
3.56785;0.0260455;0.198722;0.133417
3.5928;0.0263567;0.19853;0.136106
3.61775;0.0264724;0.198522;0.143533
3.6427;0.0267877;0.1977;0.145982
3.66765;0.0266121;0.198027;0.151744
3.6926;0.0272187;0.197963;0.157507
3.71755;0.0272186;0.198139;0.160836
3.7425;0.0279688;0.19861;0.167591
3.76745;0.0278691;0.19849;0.167943
3.7924;0.0278292;0.198115;0.175578
3.81735;0.0281723;0.198825;0.180796
3.8423;0.0282961;0.198762;0.18459
3.86725;0.0285115;0.198562;0.191122
3.8922;0.0289904;0.19869;0.193555
3.91715;0.0290822;0.198698;0.199686
3.9421;0.0293455;0.198865;0.20516
3.96705;0.029166;0.197788;0.210154
3.992;0.0300558;0.197397;0.215661
4.01695;0.0298683;0.197125;0.219518
4.0419;0.0306544;0.198363;0.223968
4.06685;0.0304309;0.197468;0.231443
4.0918;0.0305027;0.198267;0.234357
4.11675;0.0313926;0.198402;0.239623
4.1417;0.0317317;0.198163;0.246778
4.16665;0.0315402;0.198131;0.249963
4.1916;0.0318913;0.199001;0.255597
4.21655;0.0326455;0.198849;0.258046
4.2415;0.0326295;0.198155;0.263601
4.26645;0.0331403;0.198091;0.268674
4.2914;0.033687;0.197604;0.272212
4.31635;0.0339064;0.19849;0.27956
4.3413;0.0344172;0.198706;0.283193
4.36625;0.0346167;0.198778;0.287547
4.3912;0.0349918;0.19849;0.292205
4.41615;0.035303;0.197995;0.298367
4.4411;0.0355225;0.198267;0.303521
4.46605;0.0360173;0.198506;0.307283
4.491;0.0366677;0.19786;0.311717
4.51595;0.0371904;0.197516;0.317686
4.5409;0.0374099;0.198402;0.322154
4.56585;0.0380763;0.197309;0.327484
4.5908;0.0384394;0.198378;0.333052
4.61575;0.0391896;0.198227;0.335501
4.6407;0.0392295;0.19829;0.342274
4.66565;0.0399397;0.197828;0.34741
4.6906;0.0408216;0.198729;0.351668
4.71555;0.0416037;0.198841;0.35852
4.7405;0.04229;0.198857;0.360217
4.76545;0.0428448;0.198873;0.367418
4.7904;0.0435392;0.197676;0.369789
4.81535;0.0441736;0.198937;0.375632
4.8403;0.0449916;0.19845;0.38146
4.86525;0.0459253;0.198913;0.386948
4.8902;0.0465718;0.199121;0.391766
4.91515;0.0475734;0.198554;0.397675
4.9401;0.0483634;0.198929;0.400715
4.96505;0.0491097;0.199201;0.407212
4.99;0.0499557;0.198554;0.411841
5.01495;0.0508178;0.199216;0.415458
5.0399;0.0523343;0.198873;0.423043
5.06485;0.0535035;0.198626;0.425606
5.0898;0.0544412;0.19877;0.431161
5.11475;0.0554987;0.199113;0.436552
5.1397;0.0568634;0.198977;0.440075
5.16465;0.058272;0.199224;0.446976
5.1896;0.0594652;0.199224;0.450335
5.21455;0.0605825;0.199224;0.45528
5.2395;0.0622624;0.199216;0.461158
5.26445;0.0636271;0.199177;0.466134
5.2894;0.064904;0.197628;0.471255
5.31435;0.0660332;0.197668;0.477837
5.3393;0.0675734;0.198418;0.480349
5.36425;0.0689181;0.197804;0.487069
5.3892;0.0707297;0.199216;0.491731
5.41415;0.0721821;0.198195;0.496276
5.4391;0.0736546;0.198514;0.502483
5.46405;0.075115;0.198754;0.507577
5.489;0.076392;0.199041;0.511227
5.51395;0.0780679;0.198594;0.517818
5.5389;0.0797957;0.198323;0.520284
5.56385;0.081288;0.198737;0.527105
5.5888;0.0827963;0.198618;0.53256
5.61375;0.0840015;0.198339;0.536146
5.6387;0.0851348;0.198801;0.542647
5.66365;0.0864001;0.199224;0.546711
5.6886;0.0873498;0.198722;0.551736
5.71355;0.0880161;0.197604;0.55904
5.7385;0.0884271;0.198698;0.562463
5.76345;0.0888421;0.198546;0.567183
5.7884;0.0890656;0.19877;0.573284
5.81335;0.0890735;0.199153;0.578103
5.8383;0.0890576;0.199017;0.58308
5.86325;0.0880481;0.198658;0.588252
5.8882;0.0875812;0.199065;0.591261
5.91315;0.086859;0.199017;0.596492
5.9381;0.0851629;0.198945;0.601565
5.96305;0.0838858;0.198386;0.607041
5.988;0.0818307;0.198322;0.613253
6.01295;0.0799234;0.199145;0.616533
6.0379;0.0781238;0.198578;0.62297
6.06285;0.0759291;0.198722;0.624298
6.0878;0.074309;0.198873;0.631001
6.11275;0.0720066;0.19877;0.637149
6.1377;0.0701311;0.198937;0.64149
6.16265;0.0683196;0.199209;0.646979
6.1876;0.0661768;0.197668;0.651093
6.21255;0.0647603;0.198785;0.655256
6.2375;0.0625537;0.198746;0.662262
6.26245;0.0610374;0.198634;0.665302
6.2874;0.0588666;0.199049;0.670987
6.31235;0.0576734;0.199105;0.676543
6.3373;0.0560972;0.198179;0.679168
6.36225;0.054545;0.199065;0.686196
6.3872;0.0535793;0.198817;0.690147
6.41215;0.0521107;0.197788;0.695203
6.4371;0.0507178;0.198698;0.701398
6.46205;0.0495287;0.198953;0.703095
6.487;0.0484871;0.199224;0.710782
6.51195;0.0474337;0.198778;0.714687
6.5369;0.0467952;0.198793;0.719793
6.56185;0.0459134;0.199121;0.726816
6.5868;0.0447921;0.198474;0.729648
6.61175;0.0439222;0.198977;0.734836
6.6367;0.0434473;0.198546;0.740479
6.66165;0.0425135;0.197365;0.743472
6.6866;0.0416516;0.197756;0.749902
6.71155;0.0412725;0.198977;0.755664
6.7365;0.0401871;0.198698;0.758802
6.76145;0.0395806;0.199073;0.765098
6.7864;0.039413;0.199169;0.767178
6.81135;0.0384633;0.199121;0.774317
6.8363;0.037797;0.199057;0.77758
6.86125;0.0375536;0.19857;0.78278
6.8862;0.0372144;0.198778;0.789343
6.91115;0.0375256;0.199137;0.782988
6.9361;0.0381481;0.199224;0.77875
6.96105;0.0386229;0.198865;0.774781
6.986;0.0391377;0.198993;0.767611
7.01095;0.040227;0.198873;0.765783
7.0359;0.0403627;0.198347;0.759042
7.06085;0.041041;0.198195;0.756675
7.0858;0.0419309;0.198522;0.750479
7.11075;0.0430922;0.198426;0.743745
7.1357;0.043615;0.199216;0.741035
7.16065;0.0442015;0.198754;0.735524
7.1856;0.0454625;0.198953;0.731219
7.21055;0.0461089;0.199137;0.726848
7.2355;0.0472661;0.199073;0.721426
7.26045;0.0484393;0.199017;0.715521
7.2854;0.0495605;0.198682;0.710348
7.31035;0.0510414;0.198849;0.703175
7.3353;0.0518794;0.198666;0.702199
7.36025;0.0536232;0.19841;0.695203
7.3852;0.0546447;0.198666;0.691461
7.41015;0.0562888;0.19865;0.686629
7.4351;0.0579887;0.199065;0.679393
7.46005;0.0593734;0.198674;0.67803
7.485;0.0613127;0.198147;0.670971
7.50995;0.0634555;0.19841;0.667257
7.5349;0.0651992;0.19857;0.662838
7.55985;0.0666357;0.198738;0.65548
7.5848;0.0693411;0.198243;0.651766
7.60975;0.0712644;0.197931;0.647027
7.6347;0.0731398;0.198993;0.642015
7.65965;0.0752268;0.198482;0.637502
7.6846;0.0772619;0.198514;0.631001
7.70955;0.0797358;0.198969;0.624779
7.7345;0.0810166;0.199153;0.62297
7.75945;0.0830916;0.198754;0.617014
7.7844;0.0849195;0.199089;0.614693
7.80935;0.0861806;0.199145;0.607602
7.8343;0.0870305;0.199137;0.603263
7.85925;0.0882635;0.199161;0.597805
7.8842;0.0887902;0.198714;0.591069
7.90915;0.0883832;0.199201;0.588956
7.9341;0.0887424;0.198969;0.583384
7.95905;0.0887264;0.198801;0.57807
7.984;0.0882276;0.198634;0.574725
8.00895;0.0869627;0.199129;0.567376
8.0339;0.0863642;0.199113;0.563201
8.05885;0.0862724;0.198993;0.558896
8.0838;0.0841012;0.199081;0.552874
8.10875;0.0825928;0.199201;0.549287
8.1337;0.0818307;0.199224;0.543143
8.15865;0.080869;0.198354;0.536721
8.1836;0.077605;0.199169;0.533858
8.20855;0.0770623;0.199185;0.527234
8.2335;0.0761366;0.199145;0.520251
8.25845;0.0736466;0.199224;0.517627
8.2834;0.0712524;0.198977;0.511563
8.30835;0.0714679;0.199224;0.508776
8.3333;0.0701751;0.199121;0.5029
8.35825;0.0670148;0.199201;0.497253
8.3832;0.0655544;0.199001;0.49176
8.40815;0.0660651;0.199193;0.486686
8.4331;0.063635;0.198019;0.48043
8.45805;0.0601516;0.198666;0.479021
8.483;0.0615042;0.199001;0.472471
8.50795;0.0611492;0.19865;0.466424
8.5329;0.0560493;0.198945;0.463239
8.55785;0.0571944;0.19877;0.455744
8.5828;0.0569792;0.198945;0.451298
8.60775;0.0555983;0.19877;0.447264
8.6327;0.0518712;0.198379;0.440202
8.65765;0.0512568;0.199216;0.435899
8.6826;0.0516316;0.198426;0.431001
8.70755;0.0516876;0.198075;0.424003
8.7325;0.0491375;0.19845;0.423187
8.75745;0.0467992;0.199009;0.417924
8.7824;0.0500198;0.19845;0.411854
8.80735;0.0456301;0.198722;0.407356
8.8323;0.0445846;0.198778;0.403678
8.85725;0.047306;0.198913;0.399019
8.8822;0.0429844;0.198562;0.392086
8.90715;0.0463125;0.199065;0.386679
8.9321;0.0404984;0.199097;0.383397
8.95705;0.0434434;0.199041;0.3768
8.982;0.0406301;0.198578;0.371773
9.00695;0.0413164;0.198363;0.367418
9.0319;0.042366;0.199201;0.360441
9.05685;0.0368911;0.197908;0.35916
9.0818;0.0410331;0.198881;0.352452
9.10675;0.0389182;0.198706;0.347796
9.1317;0.0372822;0.197261;0.34341
9.15665;0.0384833;0.198993;0.336014
9.1816;0.036951;0.199057;0.334238
9.20655;0.0366517;0.199025;0.327564
9.2315;0.0367316;0.198897;0.323641
9.25645;0.035279;0.19865;0.318999
9.2814;0.0352871;0.198913;0.312262
9.30635;0.0348282;0.198147;0.309187
9.3313;0.0347843;0.197532;0.303345
9.35625;0.0345568;0.198434;0.298688
9.3812;0.0330285;0.199033;0.293885
9.40615;0.0340741;0.198554;0.287547
9.4311;0.0326495;0.198945;0.285002
9.45605;0.0340621;0.198961;0.279528
9.481;0.0317038;0.198626;0.274069
9.50595;0.032015;0.199049;0.269555
9.5309;0.0325617;0.198865;0.263633
9.55585;0.032015;0.19841;0.258895
9.5808;0.0310055;0.198538;0.255357
9.60575;0.0322265;0.19833;0.248651
9.6307;0.0307222;0.19861;0.24761
9.65565;0.0297565;0.198554;0.241047
9.6806;0.030383;0.198738;0.234709
9.70555;0.0300678;0.199105;0.231411
9.7305;0.0297126;0.198889;0.224785
9.75545;0.0298763;0.199113;0.221535
9.7804;0.0295011;0.199025;0.215661
9.80535;0.0284117;0.198602;0.211387
9.8303;0.0286752;0.199113;0.205208
9.85525;0.0285554;0.198442;0.199654
9.8802;0.0286113;0.198626;0.194676
9.90515;0.0283;0.198578;0.19149
9.9301;0.0276816;0.198187;0.185021
9.95505;0.0283838;0.198833;0.180604
9.98;0.0275538;0.197596;0.175434
10.0049;0.0266439;0.198777;0.168407
10.0299;0.0278212;0.199224;0.167623
10.0548;0.027478;0.199224;0.16122
10.0798;0.0267837;0.199224;0.157811
10.1047;0.0271029;0.199224;0.151824
10.1297;0.0259336;0.198985;0.147231
10.1546;0.0271548;0.198147;0.143149
10.1796;0.0259536;0.199041;0.136026
10.2045;0.0259656;0.199081;0.132969
10.2295;0.0265043;0.199224;0.127559
10.2544;0.0259496;0.198793;0.120884
10.2794;0.0254947;0.199025;0.11605
10.3043;0.0252153;0.198969;0.111824
10.3293;0.0254987;0.198889;0.108495
10.3542;0.025391;0.198985;0.103837
10.3792;0.0252193;0.199153;0.0969378
10.4042;0.0251076;0.199065;0.095433
10.4291;0.0248841;0.198841;0.0879249
10.4541;0.0247005;0.198802;0.0813303
10.479;0.0246846;0.19861;0.0797137
10.504;0.0243853;0.198993;0.0738554
10.5289;0.0244212;0.198578;0.0704621
10.5539;0.0239144;0.198211;0.0642035
10.5788;0.0244651;0.198115;0.0593855
10.6037;0.0239663;0.198993;0.055816
10.6287;0.0239343;0.197173;0.048661
10.6536;0.0237269;0.198442;0.0463396
10.6786;0.0239503;0.198418;0.0399369
10.7035;0.0235034;0.198594;0.0347028
10.7285;0.0233079;0.196966;0.0307652
10.7534;0.0232879;0.198458;0.0245226
10.7784;0.0235393;0.196519;0.0206007
10.8033;0.023272;0.196694;0.0155747
10.8283;0.0233078;0.196622;0.00853164
10.8532;0.022817;0.197804;0.00549034
10.8782;0.0229966;0.198251;0
10.9031;0.0224619;0.198386;-0.00440186
10.9281;0.0227652;0.198187;-0.00805145
10.953;0.0225098;0.197852;-0.0151425
10.978;0.0225896;0.197644;-0.0207129
11.0029;0.0222584;0.198794;-0.0242184
11.0279;0.0224898;0.198762;-0.030381
11.0528;0.022422;0.199145;-0.0337103
11.0778;0.0223342;0.199033;-0.0399369
11.1027;0.0219192;0.199145;-0.0432506
11.1277;0.0219471;0.199113;-0.0491091
11.1526;0.0222584;0.199216;-0.05588
11.1776;0.0216678;0.198506;-0.0616264
11.2025;0.0220389;0.199177;-0.0638994
11.2275;0.0214962;0.198937;-0.0699978
11.2524;0.0215721;0.199201;-0.0738394
11.2774;0.0216998;0.198761;-0.0798737
11.3024;0.0218354;0.199057;-0.0854119
11.3273;0.0217716;0.199209;-0.0886136
11.3523;0.02158;0.198977;-0.0947768
11.3772;0.021181;0.198833;-0.0983783
11.4022;0.0213127;0.199209;-0.103837
11.4271;0.0213885;0.198538;-0.109567
11.452;0.0213406;0.19865;-0.111936
11.477;0.0214324;0.199193;-0.118787
11.5019;0.0210054;0.199224;-0.122805
11.5269;0.0212329;0.198993;-0.127991
11.5518;0.0210214;0.198362;-0.134777
11.5768;0.0208179;0.199025;-0.140043
11.6017;0.0209615;0.198291;-0.143917
11.6267;0.0206463;0.198602;-0.149231
11.6516;0.0206782;0.199097;-0.151824
11.6766;0.0208099;0.198881;-0.159683
11.7015;0.0206343;0.199216;-0.163397
11.7265;0.0206742;0.199185;-0.167799
11.7514;0.0204787;0.199193;-0.17505
11.7764;0.0204827;0.198299;-0.176362
11.8013;0.0202273;0.198953;-0.182925
11.8263;0.0203151;0.199089;-0.185551
11.8512;0.0204747;0.199224;-0.191699
11.8762;0.0201954;0.199097;-0.197317
11.9011;0.020331;0.198945;-0.196164
11.9261;0.0200996;0.199169;-0.19165
11.951;0.0201275;0.199177;-0.185614
11.976;0.0204388;0.199073;-0.183117
12.0009;0.0205745;0.199017;-0.175754
12.0259;0.0201994;0.199121;-0.174825
12.0508;0.02077;0.198251;-0.167735
12.0758;0.0205146;0.198969;-0.162164
12.1007;0.0204547;0.199113;-0.158435
12.1257;0.0204348;0.198586;-0.152129
12.1507;0.0205186;0.19841;-0.148847
12.1756;0.0208977;0.198275;-0.143773
12.2006;0.0212089;0.198123;-0.139323
12.2255;0.0210413;0.197804;-0.133881
12.2505;0.0208538;0.198738;-0.127703
12.2754;0.0212967;0.198849;-0.1217
12.3003;0.0212289;0.199025;-0.118963
12.3253;0.0209775;0.199169;-0.111824
12.3502;0.0214763;0.198977;-0.108351
12.3752;0.0212808;0.198777;-0.103709
12.4001;0.0214803;0.198578;-0.0978341
12.4251;0.0214244;0.199065;-0.0938156
12.45;0.0212129;0.199025;-0.0878609
12.475;0.0218035;0.199224;-0.0862763
12.4999;0.021608;0.199129;-0.0798737
12.5249;0.021596;0.199025;-0.072847
12.5498;0.021604;0.199105;-0.0687174
12.5748;0.0219631;0.198897;-0.0638994
12.5997;0.0218554;0.198682;-0.0585532
12.6247;0.0222624;0.198746;-0.0554798
12.6496;0.0219791;0.199009;-0.0482928
12.6746;0.0222464;0.198355;-0.0423058
12.6995;0.0221267;0.199169;-0.0391526
12.7245;0.0221986;0.199224;-0.0324459
12.7494;0.0228849;0.199017;-0.0299169
12.7744;0.0223223;0.198179;-0.0241224
12.7993;0.0226255;0.199121;-0.018904
12.8243;0.0226574;0.199009;-0.0139579
12.8492;0.0225457;0.199153;-0.00798742
12.8742;0.0229168;0.199041;-0.00337743
12.8991;0.0230565;0.198785;1.60068e-05
12.9241;0.0229727;0.199121;0.00675489
12.949;0.0232081;0.199224;0.00947604
12.974;0.0233199;0.199224;0.0157187
12.999;0.0231323;0.198977;0.021033
13.0239;0.0237787;0.199121;0.0254669
13.0489;0.0238227;0.198754;0.0316776
13.0738;0.023691;0.198802;0.0346867
13.0988;0.0239743;0.199105;0.0402251
13.1237;0.0238146;0.198873;0.0472043
13.1486;0.0242377;0.198746;0.0497974
13.1736;0.0241698;0.198027;0.0556879
13.1985;0.0238186;0.198993;0.0599296
13.2235;0.0241858;0.198594;0.0643635
13.2484;0.0244931;0.198993;0.0715665
13.2734;0.0246128;0.199049;0.0750559
13.2983;0.0247923;0.199161;0.0798737
13.3233;0.0250478;0.199224;0.0837633
13.3482;0.0251515;0.199224;0.0879569
13.3732;0.0250796;0.199041;0.0956092
13.3981;0.0253152;0.199049;0.0991786
13.4231;0.0255187;0.198841;0.103837
13.448;0.0255426;0.199161;0.108911
13.473;0.0258619;0.199201;0.111904
13.4979;0.0260534;0.199113;0.118019
13.5229;0.0259776;0.199121;0.12146
13.5478;0.0260055;0.199041;0.127799
13.5728;0.0263088;0.19869;0.134121
13.5977;0.0263448;0.198929;0.136778
13.6227;0.0268076;0.198785;0.143661
13.6476;0.0267597;0.199073;0.149055
13.6726;0.0276735;0.199216;0.152065
13.6975;0.0269992;0.199041;0.159331
13.7225;0.0273623;0.199224;0.161876
13.7474;0.0273503;0.198969;0.167735
13.7724;0.0279728;0.199089;0.170152
13.7973;0.0284516;0.199193;0.17585
13.8223;0.0283519;0.199041;0.182508
13.8472;0.0284038;0.198849;0.185936
13.8722;0.0285993;0.198554;0.191699
13.8972;0.0288188;0.198993;0.195412
13.9221;0.0294573;0.198993;0.199766
13.9471;0.0294972;0.199033;0.206857
13.972;0.0297765;0.198833;0.212507
13.9969;0.0299201;0.19849;0.215709
14.0219;0.0302154;0.198905;0.221327
14.0468;0.0303152;0.198458;0.224256
14.0718;0.0305147;0.199224;0.231347
14.0967;0.0307421;0.198905;0.236005
14.1217;0.0315043;0.199224;0.241239
14.1466;0.0315083;0.198953;0.24761
14.1716;0.0321946;0.199161;0.250315
14.1965;0.0321706;0.199209;0.255597
14.2215;0.0325457;0.199224;0.260656
14.2464;0.0329368;0.19845;0.263585
14.2714;0.0329168;0.199153;0.270291
14.2963;0.0336949;0.198833;0.274309
14.3213;0.0337069;0.199009;0.27956
14.3462;0.0340501;0.19865;0.285274
14.3712;0.0346486;0.199224;0.288155
14.3961;0.0348361;0.198889;0.295247
14.4211;0.0354307;0.198945;0.298927
14.446;0.0357938;0.198522;0.303537
14.471;0.0364762;0.19837;0.30898
14.4959;0.0369191;0.199065;0.312341
14.5209;0.0368034;0.198458;0.318775
14.5458;0.0372982;0.199177;0.324923
14.5708;0.038184;0.199073;0.327772
14.5957;0.038595;0.199113;0.334365
14.6207;0.0393332;0.199161;0.33595
14.6456;0.0395327;0.199025;0.34277
14.6706;0.0404465;0.199224;0.349827
14.6955;0.041037;0.199224;0.352341
14.7205;0.0413762;0.199097;0.358857
14.7455;0.0424338;0.199113;0.36236
14.7704;0.0431121;0.199121;0.367418
14.7954;0.0439103;0.198786;0.371806
14.8203;0.0442694;0.199105;0.377266
14.8452;0.0450036;0.199224;0.383397
14.8702;0.0459892;0.199224;0.388709
14.8951;0.046899;0.198027;0.391654
14.9201;0.04729;0.199209;0.399276
14.945;0.0484512;0.199153;0.402987
14.97;0.0491097;0.199081;0.407356
14.9949;0.0504306;0.199224;0.413138
15.0199;0.0517118;0.199185;0.417793
15.0448;0.0524061;0.199001;0.422835
15.0698;0.0536312;0.199145;0.425638
15.0947;0.0545011;0.199097;0.431113
15.1197;0.0558418;0.199121;0.436824
15.1446;0.0565042;0.199224;0.441901
15.1696;0.0581163;0.199113;0.447296
15.1945;0.0597804;0.199161;0.451503
15.2195;0.0607222;0.199145;0.455745
15.2444;0.0624499;0.199129;0.463079
15.2694;0.0634355;0.199201;0.467382
15.2943;0.0650197;0.199137;0.471399
15.3193;0.0661649;0.199033;0.477613
15.3442;0.0674457;0.198793;0.482028
15.3692;0.0693929;0.199025;0.487133
15.3941;0.0703745;0.199224;0.492675
15.4191;0.0725772;0.198802;0.498035
15.444;0.0740775;0.199129;0.50322
15.469;0.0753026;0.199121;0.507337
15.4939;0.0770903;0.199224;0.511227
15.5189;0.0787263;0.199224;0.518618
15.5438;0.0797158;0.199105;0.521373
15.5688;0.0814037;0.199017;0.526993
15.5938;0.0830996;0.199193;0.532848
15.6187;0.0839975;0.198969;0.537908
15.6437;0.0853466;0.199177;0.543272
15.6686;0.0866275;0.198338;0.548151
15.6935;0.0875772;0.198881;0.553531
15.7185;0.0882196;0.198841;0.55912
15.7434;0.0885149;0.198418;0.562831
15.7684;0.0887304;0.199224;0.567663
15.7933;0.0891733;0.199185;0.574293
15.8183;0.0892052;0.199105;0.578167
15.8432;0.0886785;0.199177;0.58332
15.8682;0.0883354;0.199145;0.588588
15.8931;0.0873378;0.199129;0.591821
15.9181;0.0865916;0.199017;0.59894
15.943;0.0848635;0.199224;0.603183
15.968;0.0831554;0.199161;0.60725
15.9929;0.081284;0.199105;0.614549
16.0179;0.0802226;0.198921;0.617703
16.0429;0.0780799;0.198985;0.623018
16.0678;0.0756219;0.199057;0.625561
16.0927;0.0735988;0.198905;0.631273
16.1177;0.0714001;0.199201;0.637869
16.1426;0.0699596;0.199224;0.64277
16.1676;0.0677091;0.199049;0.646867
16.1925;0.0661609;0.199097;0.654295
16.2175;0.0643014;0.199224;0.656343
16.2424;0.062857;0.199216;0.66295
16.2674;0.0608898;0.199193;0.668153
16.2923;0.0590741;0.199105;0.671227
16.3173;0.0576934;0.198777;0.6788
16.3422;0.0563207;0.199161;0.679408
16.3672;0.0548882;0.199105;0.686917
16.3921;0.0532481;0.199193;0.692211
16.4171;0.052039;0.199201;0.696274
16.442;0.0507497;0.199089;0.702887
16.467;0.0498159;0.199224;0.704299
16.4919;0.0487265;0.199089;0.71083
16.5169;0.0475654;0.198961;0.716065
16.5418;0.046883;0.198738;0.720945
16.5668;0.0454705;0.199081;0.726848
16.5917;0.0447163;0.199153;0.732034
16.6167;0.0441217;0.199209;0.735253
16.6416;0.0430683;0.199224;0.742608
16.6666;0.0426372;0.199224;0.746734
16.6915;0.0413962;0.199137;0.750815
16.7165;0.0408615;0.199169;0.758018
16.7414;0.0408056;0.199216;0.759396
16.7664;0.0399238;0.199224;0.766714
16.7913;0.0389302;0.199177;0.768377
16.8163;0.0383396;0.199145;0.774653
16.8412;0.0380244;0.199224;0.779051
16.8662;0.0373421;0.199224;0.783467
16.8911;0.0369829;0.199224;0.789503
16.9161;0.0375137;0.199145;0.782844
16.941;0.0376214;0.199224;0.777566
16.966;0.0383995;0.199185;0.774222
16.9909;0.0396524;0.199224;0.767226
17.0159;0.0406181;0.199009;0.764709
17.0408;0.0404984;0.199224;0.758818
17.0658;0.0410969;0.199201;0.755842
17.0907;0.0426812;0.199224;0.750591
17.1157;0.0430682;0.199224;0.743953
17.1406;0.0436868;0.199224;0.740988
17.1656;0.0445128;0.199224;0.734836
17.1905;0.0461448;0.199224;0.730498
17.2155;0.0464281;0.199177;0.726848
17.2404;0.0472062;0.199224;0.719522
17.2654;0.0488183;0.199224;0.715826
17.2903;0.050299;0.199224;0.710846
17.3153;0.0502072;0.198825;0.705176
17.3403;0.0526097;0.198921;0.700679
17.3652;0.0544691;0.199201;0.694851
17.3902;0.0550079;0.199224;0.689286
17.4151;0.0557301;0.199105;0.685158
17.4401;0.0584795;0.199209;0.679297
17.465;0.0611771;0.199216;0.676012
17.49;0.0617596;0.199224;0.670939
17.5149;0.0629886;0.199224;0.665784
17.5399;0.0671066;0.199017;0.661271
17.5648;0.0675335;0.199224;0.655144
17.5898;0.0685391;0.198913;0.651943
17.6147;0.0715356;0.199169;0.646979
17.6397;0.0756538;0.199224;0.641567
17.6646;0.073954;0.199224;0.637725
17.6896;0.0786107;0.199216;0.631306
17.7145;0.0805581;0.199209;0.626523
17.7395;0.0829441;0.199224;0.62273
17.7644;0.0832717;0.199161;0.615798
17.7893;0.083132;0.199224;0.612418
17.8143;0.0867233;0.199224;0.607041
17.8392;0.0890216;0.199224;0.600797
17.8642;0.0883992;0.199193;0.597117
17.8891;0.0866833;0.199224;0.591389
17.9141;0.0909369;0.199224;0.587803
17.939;0.0885309;0.199224;0.58308
17.964;0.0869786;0.199224;0.579702
17.9889;0.0898117;0.199224;0.573445
18.0139;0.0853704;0.199224;0.567232
18.0388;0.0881478;0.199224;0.561249
18.0638;0.0838977;0.199224;0.558992
18.0887;0.084373;0.199224;0.553914
18.1137;0.0824095;0.199224;0.547031
18.1386;0.0805737;0.199224;0.543239
18.1636;0.0827205;0.199224;0.536753
18.1885;0.0764398;0.199224;0.533874
18.2135;0.0770982;0.199224;0.526513
18.2384;0.0754623;0.199209;0.519275
18.2634;0.0727967;0.199224;0.518059
18.2883;0.0729044;0.199224;0.511371
18.3133;0.0700713;0.199224;0.508343
18.3382;0.0690259;0.199224;0.502964
18.3632;0.0681839;0.199169;0.496341
18.3881;0.065702;0.199224;0.492417
18.4131;0.0649039;0.199224;0.487133
18.438;0.0630724;0.199224;0.480238
18.463;0.0617915;0.199137;0.476826
18.4879;0.0608857;0.199209;0.471255
18.5129;0.0587787;0.199224;0.466872
18.5378;0.0583359;0.199185;0.459987
18.5628;0.0558778;0.199216;0.455408
18.5877;0.0562848;0.199081;0.449697
18.6127;0.0545849;0.199224;0.446943
18.6376;0.0530007;0.199216;0.439738
18.6626;0.0523221;0.199224;0.434507
18.6875;0.051596;0.198786;0.430104
18.7125;0.0493491;0.199216;0.423971
18.7374;0.0497202;0.199224;0.422116
18.7624;0.0485829;0.199224;0.416083
18.7873;0.046935;0.199105;0.412014
18.8123;0.0468072;0.199224;0.407212
18.8372;0.0457458;0.199224;0.399996
18.8622;0.045255;0.199224;0.398475
18.8871;0.0438824;0.199224;0.391638
18.9121;0.0435511;0.199224;0.387815
18.937;0.0425015;0.199121;0.383333
18.962;0.0420907;0.199137;0.376304
18.9869;0.0411209;0.199224;0.371051
19.0119;0.0409014;0.199121;0.367002
19.0368;0.0405303;0.199224;0.360793
19.0618;0.0397043;0.199224;0.358359
19.0868;0.0391457;0.199209;0.351524
19.1117;0.0394928;0.199185;0.346131
19.1367;0.0377052;0.199129;0.342706
19.1616;0.0371545;0.198905;0.335597
19.1866;0.0374578;0.199224;0.333102
19.2115;0.0360612;0.199224;0.327484
19.2365;0.0370467;0.199224;0.322536
19.2614;0.0352033;0.199224;0.318823
19.2864;0.0355584;0.199065;0.312182
19.3113;0.0357819;0.199137;0.307362
19.3363;0.0339822;0.199224;0.303521
19.3612;0.0345129;0.199185;0.297552
19.3862;0.0331922;0.199224;0.293693
19.4111;0.0341419;0.199169;0.287723
19.4361;0.0332401;0.198865;0.283194
19.461;0.0322544;0.199105;0.27956
19.4859;0.0325098;0.199224;0.272756
19.5109;0.0320589;0.199224;0.269139
19.5358;0.0317437;0.199224;0.263585
19.5608;0.031616;0.199224;0.259087
19.5857;0.0314006;0.199224;0.255485
19.6107;0.0308659;0.199224;0.249035
19.6356;0.0309457;0.199224;0.247034
19.6606;0.0310015;0.199153;0.239783
19.6855;0.0302513;0.199224;0.235605
19.7105;0.0302833;0.199224;0.230755
19.7354;0.0297366;0.199224;0.224688
19.7604;0.0295051;0.199105;0.221583
19.7853;0.0292338;0.199224;0.215661
19.8103;0.0290263;0.199209;0.210651
19.8352;0.0287629;0.199224;0.205592
19.8602;0.0285355;0.199169;0.199686
19.8851;0.0282881;0.199209;0.193603
19.9101;0.0283399;0.199193;0.191426
19.935;0.0281963;0.199216;0.185326
19.96;0.0279768;0.199017;0.180171
19.9849;0.0276616;0.199224;0.175082
20.0099;0.02747;0.199224;0.168295
20.0348;0.027071;0.199201;0.167735
20.0598;0.0269593;0.199209;0.16114
20.0847;0.0266999;0.199137;0.156242
20.1097;0.0266281;0.199073;0.15168
20.1346;0.0265043;0.199216;0.146702
20.1596;0.0263647;0.199224;0.143693
20.1845;0.0264445;0.199153;0.13737
20.2095;0.0260614;0.198929;0.133065
20.2344;0.0259457;0.198961;0.127639
20.2594;0.0260295;0.199129;0.121332
20.2843;0.0256863;0.198985;0.11669
20.3093;0.0251156;0.199129;0.111824
20.3342;0.0251915;0.198969;0.107854
20.3592;0.0252912;0.199209;0.103677
20.3841;0.0250677;0.199153;0.0972259
20.4091;0.0249121;0.199224;0.0933353
20.434;0.0246846;0.198905;0.0879089
20.459;0.0248801;0.198985;0.0818586
20.4839;0.0248083;0.199201;0.0797617
20.5089;0.0244212;0.199224;0.072863
20.5338;0.0243454;0.199224;0.0704141
20.5588;0.0241857;0.199224;0.0638994
20.5837;0.0238585;0.199209;0.058217
20.6087;0.0242417;0.198418;0.0547755
20.6336;0.0240222;0.198977;0.0485329
20.6586;0.0234595;0.198977;0.0452831
20.6835;0.0236949;0.199137;0.0397768
20.7085;0.0231403;0.199177;0.0337104
20.7334;0.0238546;0.198945;0.0311013
20.7584;0.0234715;0.199153;0.0239783
20.7833;0.02326;0.198698;0.0180877
20.8083;0.0229886;0.199121;0.014182
20.8333;0.0230964;0.199224;0.00816349
20.8582;0.022833;0.199224;0.00416176
20.8832;0.0227732;0.199224;0
20.9081;0.0227093;0.199129;-0.00529825
20.9331;0.0225497;0.198809;-0.00824352
20.958;0.0225776;0.198666;-0.0152545
20.983;0.022434;0.199209;-0.0202327
21.0079;0.0224499;0.199224;-0.0240744
21.0329;0.0223661;0.199224;-0.0311333
21.0578;0.0222983;0.199105;-0.0349268
21.0828;0.0224659;0.198857;-0.0399369
21.1077;0.0221706;0.199216;-0.044067
21.1327;0.0222225;0.199185;-0.0498134
21.1576;0.0220828;0.199089;-0.055864
21.1825;0.0220828;0.198578;-0.0621386
21.2075;0.0216279;0.198993;-0.0638994
21.2324;0.021592;0.199201;-0.0711984
21.2574;0.021596;0.199224;-0.0757281
21.2823;0.0218753;0.199224;-0.0808661
21.3073;0.0213007;0.199224;-0.0874127
21.3322;0.0212568;0.199081;-0.0885015
21.3572;0.0212967;0.199224;-0.095177
21.3821;0.0211331;0.199209;-0.0991786
21.4071;0.0212648;0.199224;-0.103837
21.432;0.0213925;0.199224;-0.109215
21.457;0.0209855;0.199193;-0.112768
21.4819;0.0209456;0.199224;-0.119747
21.5069;0.0212328;0.199224;-0.124053
21.5318;0.0212329;0.199169;-0.128007
21.5568;0.0211012;0.199224;-0.135434
21.5817;0.0211491;0.199057;-0.140684
21.6067;0.020742;0.199073;-0.143933
21.6316;0.020738;0.198754;-0.150896
21.6566;0.0209416;0.198506;-0.152993
21.6815;0.0204388;0.199169;-0.159651
21.7065;0.0203909;0.199209;-0.163701
21.7314;0.0208737;0.199224;-0.168071
21.7564;0.0206583;0.199033;-0.175562
21.7813;0.0205066;0.199185;-0.17705
21.8063;0.0205704;0.199049;-0.183549
21.8312;0.0206862;0.198985;-0.187121
21.8562;0.01994;0.199145;-0.191763
21.8811;0.0202073;0.199224;-0.198245
21.9061;0.0203111;0.199216;-0.193876
21.931;0.0202552;0.199081;-0.190609
21.956;0.0202353;0.199216;-0.184013
21.9809;0.020327;0.199224;-0.181292
22.0059;0.0205825;0.199025;-0.175834
22.0308;0.0206143;0.199193;-0.173513
22.0558;0.0203989;0.199025;-0.167302
22.0807;0.0209057;0.199105;-0.160372
22.1057;0.0206104;0.199145;-0.157154
22.1306;0.0210693;0.199224;-0.151728
22.1556;0.0209735;0.199201;-0.146414
22.1805;0.0204109;0.199177;-0.143549
22.2055;0.0213406;0.199224;-0.136298
22.2304;0.0212209;0.199201;-0.131464
22.2554;0.0214124;0.198785;-0.127415
22.2803;0.0209456;0.199201;-0.120708
22.3053;0.0211571;0.199224;-0.11661
22.3302;0.0211411;0.199224;-0.111824
22.3552;0.0212608;0.199224;-0.105918
22.3801;0.0213087;0.199224;-0.1031
22.4051;0.0214124;0.199224;-0.0960894
22.43;0.0214443;0.199161;-0.0923426
22.455;0.021596;0.199224;-0.0878609
22.4799;0.0216479;0.199224;-0.0842275
22.5049;0.0214683;0.199201;-0.0789133
22.5299;0.0219352;0.199177;-0.0721748
22.5548;0.0220788;0.199161;-0.0674209
22.5798;0.0219272;0.199224;-0.0635632
22.6047;0.0219312;0.199073;-0.0576408
22.6297;0.0223302;0.198921;-0.0530308
22.6546;0.0219192;0.199193;-0.0476685
22.6796;0.0223462;0.199145;-0.0408332
22.7045;0.0221507;0.198905;-0.0385603
22.7295;0.0227931;0.199137;-0.0319497
22.7544;0.0223103;0.199224;-0.0274999
22.7794;0.022829;0.198897;-0.0238663
22.8043;0.0230166;0.198322;-0.0173514
22.8293;0.0228889;0.199177;-0.0124852
22.8542;0.0225936;0.199169;-0.00776332
22.8791;0.0229447;0.199057;-0.00180877
22.9041;0.0230725;0.198873;0.000688293
22.929;0.0229487;0.198746;0.00787537
22.954;0.0231363;0.199113;0.0112688
22.9789;0.0231921;0.199224;0.0165031
23.0039;0.0232081;0.199177;0.0231139
23.0288;0.0233837;0.198857;0.0276438
23.0538;0.0238107;0.198762;0.0319497
23.0787;0.0237348;0.198897;0.0374238
23.1037;0.0238666;0.199153;0.0425623
23.1286;0.0238107;0.198993;0.0479246
23.1536;0.0243933;0.199097;0.0510299
23.1785;0.0242456;0.198817;0.055912
23.2035;0.0244013;0.198522;0.0615784
23.2284;0.0245569;0.199113;0.06566
23.2534;0.0248802;0.199185;0.0718866
23.2783;0.0248602;0.198722;0.0764804
23.3033;0.0245289;0.199025;0.0798737
23.3282;0.0246048;0.199224;0.0846756
23.3532;0.0250677;0.199129;0.0893821
23.3781;0.0250318;0.199185;0.0958493
23.4031;0.0257102;0.199001;0.100123
23.428;0.0255067;0.199193;0.103901
23.453;0.0255905;0.199224;0.111408
23.4779;0.0260774;0.199209;0.112864
23.5029;0.0260534;0.199129;0.119363
23.5278;0.0260335;0.199185;0.124757
23.5528;0.0258898;0.199224;0.129976
23.5777;0.026257;0.199113;0.135786
23.6027;0.0264684;0.199121;0.139179
23.6276;0.0265083;0.199224;0.143773
23.6526;0.0269872;0.199161;0.150432
23.6775;0.0269672;0.199025;0.153985
23.7025;0.0276616;0.199121;0.159587
23.7274;0.0276895;0.199193;0.163957
23.7524;0.0280247;0.199185;0.167735
23.7773;0.0276696;0.198921;0.172825
23.8023;0.0282881;0.199209;0.177146
23.8272;0.0285355;0.199073;0.183277
23.8522;0.0285594;0.198905;0.187457
23.8771;0.028715;0.199216;0.191699
23.9021;0.029154;0.199193;0.197941
23.927;0.0290822;0.199224;0.201175
23.952;0.0296847;0.199137;0.207689
23.9769;0.029573;0.199121;0.21414
24.0019;0.0296368;0.199216;0.217165
24.0268;0.0305347;0.199185;0.223568
24.0518;0.0304149;0.199153;0.227634
24.0767;0.0307142;0.198921;0.231636
24.1017;0.0307222;0.199001;0.236389
24.1266;0.0313487;0.199001;0.242776
24.1516;0.0317517;0.199137;0.24761
24.1765;0.0318315;0.199177;0.253533
24.2015;0.0324979;0.199224;0.255966
24.2264;0.0323303;0.199224;0.263089
24.2514;0.0326814;0.199177;0.264769
24.2764;0.0334436;0.199065;0.271331
24.3013;0.034066;0.199224;0.275702
24.3263;0.0333398;0.199193;0.279784
24.3512;0.034485;0.199177;0.28689
24.3762;0.0347005;0.199224;0.288828
24.4011;0.0353589;0.199193;0.295423
24.4261;0.0354427;0.199177;0.3016
24.451;0.0359255;0.199073;0.303713
24.476;0.0363285;0.199224;0.310677
24.5009;0.036943;0.199224;0.314629
24.5259;0.0375735;0.199224;0.319511
24.5508;0.0377531;0.199097;0.325467
24.5757;0.0382479;0.199177;0.328939
24.6007;0.0388185;0.199224;0.335389
24.6256;0.0394848;0.199193;0.338288
24.6506;0.0399597;0.199224;0.343858
24.6755;0.0408216;0.199224;0.350291
24.7005;0.0414042;0.199209;0.353238
24.7254;0.0418671;0.199129;0.359433
24.7504;0.0422541;0.199073;0.363929
24.7753;0.0432359;0.199169;0.367418
24.8003;0.0437745;0.199145;0.373887
24.8252;0.0445168;0.199224;0.377779
24.8502;0.0453827;0.199193;0.383669
24.8751;0.046049;0.199169;0.390149
24.9001;0.0471943;0.199161;0.392375
24.925;0.0477569;0.199177;0.399372
24.95;0.0487904;0.199224;0.404523
24.9749;0.0494528;0.199209;0.407773
24.9999;0.050778;0.199224;0.414578
25.0248;0.0515722;0.199224;0.419825
25.0498;0.0525299;0.199224;0.423331
25.0747;0.0535274;0.199161;0.427128
25.0997;0.0548043;0.199224;0.433304
25.1246;0.0558378;0.199224;0.439209
25.1496;0.0577652;0.199224;0.442942
25.1745;0.0583917;0.199224;0.447296
25.1995;0.0598004;0.198897;0.453599
25.2244;0.0611252;0.199224;0.457122
25.2494;0.0620549;0.199201;0.463318
25.2743;0.063631;0.199224;0.470198
25.2993;0.0654546;0.199097;0.472585
25.3242;0.0667235;0.199145;0.47923
25.3492;0.0678966;0.198881;0.482764
25.3741;0.0693451;0.199224;0.487438
25.3991;0.0710888;0.199177;0.494196
25.424;0.0722859;0.198977;0.499315
25.449;0.0741215;0.199001;0.503204
25.4739;0.0755659;0.199177;0.509722
25.4989;0.0773018;0.199185;0.511946
25.5238;0.0787542;0.199185;0.519179
25.5488;0.0803782;0.199224;0.522895
25.5737;0.0815394;0.199113;0.528593
25.5987;0.0831315;0.199137;0.534673
25.6236;0.0845324;0.198921;0.539621
25.6486;0.0856419;0.199041;0.543143
25.6735;0.0866794;0.198937;0.549304
25.6985;0.0876131;0.199224;0.554668
25.7234;0.0885269;0.199224;0.5592
25.7484;0.0886825;0.199105;0.566255
25.7733;0.0887104;0.198945;0.568432
25.7983;0.0893369;0.198833;0.575061
25.8232;0.088894;0.198043;0.581799
25.8482;0.088471;0.199121;0.584504
25.8731;0.0883114;0.199224;0.590989
25.8981;0.0873897;0.199113;0.593324
25.923;0.0858613;0.199224;0.599276
25.948;0.0846082;0.199209;0.605745
25.9729;0.0834747;0.199224;0.608452
25.9979;0.0821339;0.199201;0.615029
26.0229;0.0802266;0.199224;0.619609
26.0478;0.0776449;0.199224;0.623018
26.0728;0.0758294;0.199216;0.627736
26.0977;0.0732197;0.199224;0.633338
26.1227;0.0717432;0.199224;0.639054
26.1476;0.0697042;0.199224;0.645347
26.1726;0.067749;0.199224;0.648355
26.1975;0.0654586;0.199224;0.654968
26.2225;0.0643174;0.199153;0.65863
26.2474;0.0627852;0.199224;0.663062
26.2723;0.0604469;0.199224;0.66913
26.2973;0.0587509;0.199224;0.673071
26.3222;0.0578131;0.199193;0.678928
26.3472;0.0562609;0.199224;0.681264
26.3721;0.0538267;0.199224;0.687109
26.3971;0.0528651;0.199185;0.694227
26.422;0.0530207;0.199081;0.696387
26.447;0.0503905;0.199224;0.702887
26.4719;0.0488861;0.199224;0.707005
26.4969;0.0490138;0.199224;0.710894
26.5218;0.0480322;0.199145;0.717297
26.5468;0.0460291;0.199224;0.723375
26.5717;0.0450794;0.199201;0.72696
26.5967;0.0459373;0.199224;0.734131
26.6216;0.044014;0.199129;0.735943
26.6466;0.0415757;0.199224;0.742832
26.6715;0.0435511;0.199224;0.74667
26.6965;0.0415598;0.199153;0.751438
26.7214;0.0418431;0.199057;0.75821
26.7464;0.0380004;0.199185;0.762729
26.7713;0.0425375;0.198682;0.766794
26.7963;0.0389901;0.198442;0.768234
26.8212;0.0375376;0.199113;0.774781
26.8462;0.0392454;0.198562;0.780139
26.8711;0.0397961;0.199145;0.785547
26.8961;0.0374338;0.199089;0.786559
26.921;0.0351674;0.199073;0.7827
26.946;0.039397;0.199185;0.774798
26.9709;0.0398679;0.199224;0.771213
26.9959;0.040235;0.199017;0.766794
27.0208;0.0388225;0.198937;0.763634
27.0458;0.0415918;0.199057;0.758802
27.0707;0.0428647;0.198961;0.752239
27.0957;0.0403587;0.199224;0.750255
27.1206;0.0450834;0.199089;0.742976
27.1456;0.0426771;0.199169;0.736565
27.1705;0.0463762;0.198019;0.73474
27.1955;0.0451273;0.198873;0.727776
27.2204;0.046528;0.198187;0.725297
27.2454;0.0497242;0.198889;0.718242
27.2703;0.0470346;0.198634;0.713423
27.2953;0.0522544;0.198849;0.707143
27.3202;0.050335;0.199089;0.702887
27.3452;0.0525698;0.199073;0.700648
27.3701;0.0550796;0.199017;0.694372
27.3951;0.0550239;0.199009;0.689318
27.42;0.0574579;0.199025;0.683139
27.445;0.0591499;0.199209;0.678928
27.4699;0.0609975;0.199081;0.674811
27.4949;0.062813;0.199153;0.670923
27.5198;0.0635114;0.198778;0.664055
27.5448;0.0665719;0.199161;0.65964
27.5697;0.0684273;0.199201;0.654808
27.5947;0.0700074;0.199185;0.650614
27.6196;0.0724694;0.199224;0.646739
27.6446;0.0738701;0.199224;0.63995
27.6695;0.0772299;0.199113;0.634203
27.6945;0.0791173;0.198873;0.630074
27.7194;0.0797638;0.199121;0.623034
27.7444;0.0825609;0.199137;0.620057
27.7694;0.0842648;0.199224;0.615029
27.7943;0.0860688;0.199193;0.611234
27.8193;0.0860051;0.199224;0.606546
27.8442;0.0877408;0.199224;0.600061
27.8692;0.0881757;0.199224;0.595918
27.8941;0.088886;0.198905;0.591069
27.9191;0.088455;0.198977;0.586073
27.944;0.0896481;0.199057;0.582663
27.9689;0.0881239;0.199129;0.575461
27.9939;0.0869467;0.199209;0.572051
28.0188;0.0872979;0.199105;0.566992
28.0438;0.0861128;0.199081;0.560497
28.0687;0.0841612;0.198961;0.557135
28.0937;0.0843726;0.199009;0.551048
28.1186;0.0824492;0.199216;0.544136
28.1436;0.0811803;0.199001;0.542022
28.1685;0.0791971;0.199209;0.535153
28.1935;0.0773417;0.198746;0.530467
28.2184;0.0764838;0.198977;0.525488
28.2434;0.0747799;0.199224;0.519595
28.2683;0.073495;0.199137;0.514988
28.2933;0.0711008;0.199224;0.511195
28.3182;0.0704623;0.199224;0.504628
28.3432;0.0680882;0.199224;0.502532
28.3681;0.0671544;0.199193;0.49546
28.3931;0.0662806;0.199224;0.489182
28.418;0.0632958;0.199224;0.485502
28.443;0.0627532;0.198929;0.479486
28.4679;0.0603711;0.198961;0.475129
28.4929;0.0612089;0.199224;0.470855
28.5178;0.0588066;0.198945;0.463335
28.5428;0.0567996;0.199025;0.45877
28.5677;0.0564724;0.198953;0.45448
28.5927;0.0552593;0.198961;0.447504
28.6176;0.0539345;0.199097;0.445389
28.6426;0.0525656;0.198897;0.439242
28.6675;0.0517397;0.198865;0.43393
28.6925;0.0508017;0.199017;0.429559
28.7174;0.0501152;0.198825;0.423347
28.7424;0.048922;0.198913;0.42106
28.7673;0.0479684;0.199137;0.415347
28.7923;0.0475294;0.198985;0.409373
28.8172;0.0464481;0.199057;0.405549
28.8422;0.0450116;0.199216;0.399676
28.8671;0.0448879;0.199216;0.396761
28.8921;0.0441776;0.199224;0.391382
28.917;0.0434314;0.199224;0.386038
28.942;0.0426492;0.199224;0.380402
28.9669;0.0419748;0.199153;0.375359
28.9919;0.0412406;0.199073;0.367914
29.0168;0.0405702;0.199177;0.367226
29.0418;0.0399996;0.199224;0.359721
29.0667;0.0396006;0.199224;0.35679
29.0917;0.0383716;0.199185;0.35138
29.1166;0.0385072;0.199025;0.344563
29.1416;0.0379805;0.199224;0.34144
29.1665;0.0374738;0.199224;0.335469
29.1915;0.0367914;0.199145;0.331405
29.2164;0.0363006;0.199224;0.327484
29.2414;0.0360731;0.199224;0.321128
29.2663;0.0353549;0.199137;0.317015
29.2913;0.035295;0.199224;0.311509
29.3162;0.0351633;0.198985;0.305762
29.3412;0.0345887;0.198945;0.303249
29.3661;0.0339344;0.199025;0.295679
29.3911;0.0337388;0.199185;0.291676
29.416;0.0334835;0.199224;0.287531
29.441;0.0331004;0.199169;0.282089
29.466;0.0329926;0.199224;0.278231
29.4909;0.0325657;0.199224;0.271636
29.5159;0.0325697;0.199081;0.266978
29.5408;0.0319233;0.198594;0.263393
29.5658;0.0322664;0.199224;0.256654
29.5907;0.0313846;0.199169;0.253084
29.6157;0.0311292;0.199224;0.24761
29.6406;0.0304509;0.199224;0.244441
29.6655;0.0308379;0.199224;0.239255
29.6905;0.0300917;0.199161;0.233444
29.7154;0.0301037;0.199201;0.230467
29.7404;0.0299082;0.199224;0.223648
29.7653;0.0292498;0.199224;0.219566
29.7903;0.0293655;0.199089;0.21534
29.8152;0.0287709;0.199224;0.208458
29.8402;0.0285754;0.199224;0.204472
29.8651;0.0284477;0.199137;0.199462
29.8901;0.0284277;0.199137;0.192451
29.915;0.02832;0.199129;0.190705
29.94;0.027885;0.199105;0.183757
29.9649;0.0275977;0.199224;0.178699
29.9899;0.0275977;0.199161;0.173865
30.0148;0.0271189;0.198961;0.167751
30.0398;0.0271348;0.199224;0.166614
30.0647;0.0270111;0.199216;0.1605
30.0897;0.0267238;0.199224;0.15605
30.1146;0.0270111;0.199224;0.15176
30.1396;0.026644;0.198913;0.145758
30.1645;0.0264804;0.199185;0.141708
30.1895;0.0261133;0.199224;0.136154
30.2144;0.0261092;0.199153;0.131608
30.2394;0.0259417;0.19849;0.127062
30.2643;0.0256823;0.19845;0.120068
30.2893;0.0256225;0.198307;0.113713
30.3142;0.025363;0.199193;0.111792
30.3392;0.0259975;0.198562;0.105197
30.3641;0.025391;0.199009;0.102348
30.3891;0.0251555;0.199224;0.0963775
30.414;0.0247245;0.198634;0.0917344
30.439;0.0248482;0.199121;0.0867084
30.4639;0.0246168;0.19778;0.0802099
30.4889;0.0248163;0.199121;0.0786572
30.5138;0.0245808;0.198833;0.0718866
30.5388;0.0245449;0.198506;0.0675009
30.5637;0.0244691;0.198746;0.062891
30.5887;0.0237149;0.198969;0.0565523
30.6136;0.0242855;0.198793;0.0541673
30.6386;0.0237987;0.199089;0.0479246
30.6635;0.0241339;0.199169;0.0454591
30.6885;0.0237268;0.199224;0.0399369
30.7134;0.0237987;0.199081;0.0325259
30.7384;0.0229926;0.198379;0.0285563
30.7633;0.0234316;0.199153;0.0239783
30.7883;0.0233597;0.198634;0.0179276
30.8132;0.0233398;0.199049;0.0145342
30.8382;0.0231682;0.198706;0.00798742
30.8631;0.0230046;0.199224;0.00316934
30.8881;0.0228928;0.199224;-4.80204e-05
30.913;0.022837;0.198953;-0.00669086
30.938;0.0227532;0.199201;-0.00947603
30.9629;0.0227971;0.198929;-0.0155907
30.9879;0.0225497;0.198139;-0.0206969
31.0128;0.0228809;0.199224;-0.0250187
31.0378;0.0223821;0.199169;-0.0319497
31.0627;0.0217596;0.199145;-0.0354711
31.0877;0.0220389;0.199113;-0.0399369
31.1126;0.0223502;0.198857;-0.0462919
31.1376;0.0218115;0.199065;-0.0505497
31.1625;0.0218514;0.199216;-0.055912
31.1875;0.0216719;0.199169;-0.0629709
31.2125;0.0216798;0.198937;-0.0644756
31.2374;0.0218514;0.198825;-0.0716466
31.2624;0.0218195;0.199224;-0.0775048
31.2873;0.0215601;0.199081;-0.0817785
31.3123;0.0213725;0.199153;-0.0878609
31.3372;0.0217277;0.199224;-0.0891899
31.3621;0.0211052;0.199224;-0.0955452
31.3871;0.0213566;0.199224;-0.101051
31.412;0.0215002;0.199224;-0.104205
31.437;0.0210054;0.199209;-0.111104
31.4619;0.0210014;0.199097;-0.114625
31.4869;0.0205545;0.199224;-0.119811
31.5118;0.0210373;0.199089;-0.125798
31.5368;0.0204747;0.199017;-0.128567
31.5617;0.0209455;0.198993;-0.135882
31.5867;0.0209017;0.198754;-0.141516
31.6116;0.0205146;0.199121;-0.144125
31.6366;0.0204547;0.199224;-0.1512
31.6615;0.0206583;0.199097;-0.154225
31.6865;0.0205984;0.199224;-0.159731
31.7114;0.0204108;0.199224;-0.165366
31.7364;0.0206263;0.199129;-0.169287
31.7613;0.0204268;0.199033;-0.175626
31.7863;0.0205306;0.199193;-0.177659
31.8112;0.0205944;0.199224;-0.183709
31.8362;0.0206103;0.199224;-0.188641
31.8611;0.0199679;0.198977;-0.191939
31.8861;0.0202433;0.199065;-0.198902
31.911;0.0205345;0.199153;-0.192819
31.936;0.019916;0.198841;-0.188911
31.9609;0.0206981;0.199177;-0.183709
31.9859;0.0203151;0.198506;-0.179707
32.0108;0.0207261;0.198881;-0.175706
32.0358;0.0204707;0.199057;-0.169655
32.0607;0.020363;0.199224;-0.16551
32.0857;0.0205864;0.199161;-0.159747
32.1106;0.0202911;0.199224;-0.153393
32.1356;0.0206343;0.199224;-0.151696
32.1605;0.0205585;0.199224;-0.144334
32.1855;0.0209894;0.198833;-0.143197
32.2104;0.0207181;0.199177;-0.135834
32.2354;0.0209336;0.199105;-0.129095
32.2603;0.0208778;0.199113;-0.12479
32.2853;0.0209615;0.198985;-0.119811
32.3102;0.021201;0.199017;-0.114161
32.3352;0.0211571;0.198817;-0.111328
32.3601;0.0213087;0.198562;-0.104477
32.3851;0.0217038;0.199017;-0.101628
32.41;0.0214523;0.199169;-0.0958493
32.435;0.0214883;0.199081;-0.0891094
32.4599;0.0214524;0.199041;-0.0878609
32.4849;0.0213127;0.198546;-0.0813303
32.5098;0.021572;0.199224;-0.0771047
32.5348;0.0220868;0.199224;-0.0718866
32.5597;0.022027;0.198881;-0.0656601
32.5847;0.0221866;0.198682;-0.063035
32.6096;0.0223183;0.199145;-0.0565683
32.6346;0.0221546;0.198179;-0.0524546
32.6595;0.0220589;0.199001;-0.0462276
32.6845;0.0222863;0.199089;-0.0399369
32.7094;0.0224819;0.199216;-0.0366236
32.7344;0.0223542;0.199224;-0.0319177
32.7593;0.0224619;0.199224;-0.0258992
32.7843;0.0226654;0.199224;-0.0216251
32.8092;0.0225098;0.198913;-0.0158148
32.8342;0.0226854;0.199137;-0.0101003
32.8591;0.0225138;0.198738;-0.00686693
32.8841;0.0226894;0.199129;-0.000208088
32.909;0.0231962;0.199025;0.00360152
32.934;0.0230804;0.199161;0.00798742
32.959;0.0232041;0.198786;0.0132537
32.9839;0.0233837;0.19873;0.0176876
33.0089;0.0233837;0.198977;0.0238823
33.0338;0.0236829;0.198817;0.0291645
33.0588;0.0239623;0.19861;0.0329581
33.0837;0.0236191;0.199216;0.0393126
33.1087;0.0237907;0.199209;0.0430105
33.1336;0.0238545;0.199224;0.0479246
33.1586;0.0239583;0.198945;0.0532708
33.1835;0.0242856;0.199017;0.0561041
33.2085;0.0241538;0.199001;0.0632591
33.2334;0.024521;0.198897;0.0675808
33.2584;0.0243813;0.199065;0.0719026
33.2833;0.0244851;0.198474;0.0775688
33.3083;0.0247444;0.198243;0.0801779
33.3332;0.0250677;0.199089;0.0875248
33.3582;0.0244093;0.199153;0.0917195
33.3831;0.0251834;0.198913;0.0958493
33.4081;0.0251875;0.199073;0.102524
33.433;0.0255745;0.199177;0.104957
33.458;0.0257102;0.199224;0.111696
33.4829;0.0258738;0.198187;0.113329
33.5079;0.0254867;0.199025;0.119827
33.5328;0.0260415;0.199097;0.12607
33.5578;0.0260574;0.199025;0.129976
33.5827;0.0262131;0.198626;0.135786
33.6077;0.0265562;0.198666;0.140428
33.6326;0.0264006;0.198363;0.144013
33.6576;0.0274222;0.198977;0.150368
33.6825;0.0271029;0.199185;0.15477
33.7075;0.0269952;0.199224;0.159763
33.7324;0.0272745;0.199121;0.165718
33.7574;0.0278092;0.199161;0.167735
33.7823;0.0280367;0.199145;0.173897
33.8073;0.0280845;0.19857;0.178043
33.8322;0.028308;0.198762;0.183709
33.8572;0.028288;0.198929;0.189874
33.8821;0.0286352;0.198738;0.191859
33.907;0.0291819;0.199129;0.198405
33.932;0.0290542;0.199216;0.202983
33.9569;0.0296568;0.198953;0.207945
33.9819;0.0291979;0.199057;0.215116
34.0068;0.0297645;0.199137;0.21811
34.0318;0.0300917;0.198578;0.223328
34.0567;0.0301795;0.198953;0.22821
34.0817;0.0307382;0.198913;0.231988
34.1066;0.0312649;0.199001;0.238935
34.1316;0.0309656;0.199129;0.245001
34.1565;0.0319632;0.198817;0.24761
34.1815;0.0323981;0.199025;0.254941
34.2064;0.0321148;0.199033;0.25627
34.2314;0.0326894;0.199161;0.263553
34.2563;0.0331562;0.198738;0.266818
34.2813;0.0333398;0.199153;0.271812
34.3062;0.0338745;0.199129;0.278504
34.3312;0.0341299;0.199145;0.281144
34.3561;0.0347045;0.199017;0.287403
34.3811;0.0345528;0.198714;0.292061
34.406;0.0353668;0.198738;0.295775
34.431;0.0357619;0.198674;0.303009
34.4559;0.0362128;0.198921;0.304658
34.4809;0.0365121;0.199057;0.311317
34.5058;0.036923;0.199224;0.315269
34.5308;0.0371825;0.199153;0.320248
34.5557;0.0376214;0.199137;0.327436
34.5807;0.0385272;0.198554;0.329771
34.6056;0.0390778;0.19873;0.335469
34.6306;0.0395447;0.198953;0.339585
34.6555;0.0399757;0.199224;0.34477
34.6805;0.0407577;0.199137;0.351332
34.7054;0.0416596;0.199177;0.356215
34.7304;0.0414201;0.198873;0.359561
34.7553;0.042745;0.198634;0.366489
34.7803;0.0433835;0.199073;0.368059
34.8052;0.044429;0.199209;0.375391
34.8302;0.0450834;0.199145;0.38058
34.8551;0.0456341;0.199201;0.384949
34.8801;0.0458974;0.199057;0.391062
34.905;0.0470586;0.199001;0.396426
34.93;0.0478686;0.199057;0.399372
34.9549;0.0485589;0.198674;0.405772
34.9799;0.0495566;0.199224;0.409391
35.0048;0.0505304;0.199216;0.415314
35.0298;0.051616;0.199129;0.421026
35.0547;0.052901;0.199224;0.423331
35.0797;0.0535634;0.198937;0.429288
35.1046;0.0549799;0.199169;0.433768
35.1296;0.0567237;0.199224;0.439305
35.1545;0.0572624;0.198738;0.44363
35.1795;0.0582081;0.199145;0.447424
35.2044;0.0601515;0.199177;0.454271
35.2294;0.0610334;0.199033;0.457507
35.2543;0.0618953;0.199224;0.464406
35.2793;0.06405;0.199009;0.470791
35.3042;0.0654586;0.198913;0.474155
35.3292;0.0670627;0.199224;0.479246
35.3541;0.0679565;0.199113;0.48486
35.3791;0.0696802;0.198977;0.488319
35.404;0.0716035;0.199145;0.49522
35.429;0.071827;0.199033;0.501603
35.4539;0.0742411;0.199153;0.504726
35.4789;0.0761167;0.199121;0.510955
35.5038;0.0772259;0.199177;0.51369
35.5288;0.0782594;0.199081;0.519179
35.5537;0.0806456;0.199209;0.52432
35.5787;0.082517;0.199105;0.528561
35.6036;0.0825809;0.198969;0.535329
35.6286;0.0847958;0.199073;0.540582
35.6535;0.0862126;0.198969;0.544455
35.6785;0.0865198;0.199216;0.550776
35.7034;0.0866515;0.199017;0.557071
35.7284;0.0888142;0.199097;0.559712
35.7533;0.0897718;0.199129;0.565631
35.7783;0.0882994;0.199224;0.570194
35.8032;0.0884072;0.198522;0.575414
35.8282;0.0903903;0.198426;0.582583
35.8531;0.0886466;0.199201;0.586074
35.8781;0.0862085;0.199145;0.590893
35.903;0.0875532;0.199193;0.595772
35.928;0.0883792;0.198873;0.599356
35.9529;0.0826726;0.199113;0.605762
35.9779;0.0839181;0.199185;0.608694
36.0028;0.0831317;0.198562;0.615029
36.0278;0.0803663;0.199025;0.621034
36.0527;0.0763122;0.198785;0.623738
36.0777;0.0745724;0.199033;0.63001
36.1026;0.0732437;0.198522;0.635564
36.1276;0.0721343;0.199224;0.639439
36.1525;0.0691735;0.19837;0.645682
36.1775;0.0659973;0.199224;0.650501
36.2024;0.0680961;0.199201;0.654952
36.2274;0.0628211;0.199137;0.659221
36.2523;0.0604747;0.198913;0.663094
36.2773;0.0618794;0.199105;0.67025
36.3022;0.05743;0.199201;0.675534
36.3272;0.0592377;0.199224;0.678928
36.3521;0.0539584;0.19865;0.683523
36.3771;0.0554548;0.198658;0.686917
36.4021;0.05225;0.198897;0.692754
36.427;0.0515681;0.198666;0.699205
36.452;0.0525935;0.198514;0.702887
36.4769;0.0467154;0.198059;0.709278
36.5019;0.0495166;0.198754;0.710878
36.5268;0.0480204;0.198881;0.716801
36.5518;0.0455063;0.199057;0.723455
36.5767;0.04648;0.198762;0.72712
36.6017;0.0440938;0.199041;0.734227
36.6266;0.044034;0.198426;0.737563
36.6516;0.0435671;0.199113;0.742832
36.6765;0.0422183;0.199153;0.749422
36.7015;0.0413405;0.19853;0.752446
36.7264;0.0411608;0.198738;0.75853
36.7514;0.0401193;0.199009;0.761783
36.7763;0.0397442;0.19845;0.766698
36.8013;0.0386229;0.197883;0.771901
36.8262;0.0385472;0.198682;0.775085
36.8512;0.0372184;0.199065;0.781419
36.8761;0.0384115;0.199081;0.786892
36.9011;0.037338;0.198873;0.785117
36.926;0.0375934;0.198602;0.781021
36.951;0.0386988;0.198682;0.774798
36.9759;0.0395926;0.199137;0.770797
37.0009;0.0391975;0.198985;0.766794
37.0258;0.0413922;0.198714;0.760307
37.0508;0.0411448;0.199049;0.758802
37.0757;0.0415599;0.198985;0.752303
37.1007;0.0425455;0.199209;0.747584
37.1256;0.0435231;0.199073;0.742832
37.1506;0.0443491;0.199153;0.737557
37.1755;0.045255;0.199137;0.734052
37.2005;0.0468512;0.199129;0.727088
37.2254;0.046859;0.199001;0.724497
37.2504;0.048128;0.199121;0.71869
37.2753;0.0488782;0.199129;0.71195
37.3002;0.0509455;0.198865;0.707785
37.3252;0.0518195;0.198746;0.702887
37.3501;0.0528291;0.199065;0.698037
37.3751;0.0546527;0.198937;0.693572
37.4;0.0566478;0.199185;0.686981
37.425;0.0572027;0.198833;0.682274
37.4499;0.0596049;0.199209;0.678928
37.4749;0.0615521;0.199161;0.673355
37.4998;0.0626016;0.198889;0.670411
37.5248;0.0647802;0.198889;0.66295
37.5497;0.0660292;0.198362;0.658792
37.5747;0.0694129;0.199065;0.654632
37.5996;0.0704703;0.199209;0.648436
37.6246;0.0724135;0.199193;0.645921
37.6495;0.075546;0.199224;0.639182
37.6745;0.0764159;0.199025;0.63321
37.6994;0.0797358;0.199177;0.628379
37.7244;0.0812761;0.198762;0.623018
37.7493;0.0826567;0.199153;0.620618
37.7743;0.0845085;0.199033;0.615029
37.7992;0.0857536;0.199177;0.611474
37.8242;0.0870425;0.199185;0.606482
37.8491;0.0881199;0.199224;0.59926
37.8741;0.0882076;0.199216;0.59459
37.899;0.088862;0.199161;0.590845
37.924;0.0888022;0.198841;0.584664
37.9489;0.0886306;0.199081;0.581702
37.9739;0.0881598;0.199145;0.575141
37.9988;0.0874735;0.199065;0.570129
38.0238;0.0867632;0.199224;0.566416
38.0487;0.0863082;0.199145;0.55944
38.0737;0.0845482;0.199041;0.556109
38.0986;0.0834946;0.198953;0.551096
38.1236;0.0819304;0.199193;0.543815
38.1485;0.0806655;0.198921;0.540212
38.1735;0.0790934;0.199216;0.535009
38.1984;0.0772659;0.198969;0.528642
38.2234;0.075534;0.198586;0.524174
38.2483;0.0740536;0.198402;0.519179
38.2733;0.072238;0.198857;0.51286
38.2982;0.0712644;0.199224;0.510474
38.3232;0.0695526;0.198969;0.503764
38.3481;0.0684154;0.198618;0.499973
38.3731;0.0667913;0.199201;0.4949
38.398;0.0654546;0.198881;0.488638
38.423;0.063671;0.198889;0.484847
38.4479;0.0622544;0.198698;0.479246
38.4729;0.0608379;0.199145;0.473288
38.4978;0.0594492;0.198754;0.471015
38.5228;0.0580126;0.199001;0.463367
38.5477;0.057426;0.199161;0.456961
38.5727;0.056628;0.199177;0.454416
38.5976;0.0548044;0.199193;0.447344
38.6226;0.0534596;0.199209;0.443692
38.6475;0.0527613;0.199001;0.439194
38.6725;0.0513805;0.198937;0.431705
38.6974;0.0502869;0.199153;0.42855
38.7224;0.0495965;0.198738;0.423331
38.7473;0.0488223;0.199129;0.419636
38.7723;0.0474098;0.198937;0.415347
38.7972;0.0468112;0.198331;0.407869
38.8222;0.0462486;0.198953;0.405005
38.8471;0.0451073;0.198841;0.39942
38.8721;0.0443931;0.198913;0.395368
38.897;0.0439542;0.199224;0.391238
38.922;0.0436708;0.199224;0.384774
38.9469;0.0425575;0.199177;0.380017
38.9719;0.0421464;0.199009;0.374046
38.9968;0.0408495;0.199153;0.367418
39.0218;0.0409014;0.199001;0.365611
39.0467;0.0401073;0.198993;0.359433
39.0717;0.0394729;0.198937;0.354421
39.0966;0.0384953;0.198698;0.350996
39.1216;0.0384035;0.199121;0.344323
39.1465;0.0376932;0.199177;0.339839
39.1715;0.0373021;0.199224;0.335469
39.1964;0.036967;0.198993;0.330717
39.2214;0.0365879;0.199137;0.326683
39.2463;0.0358337;0.199113;0.319895
39.2713;0.0357898;0.199224;0.314919
39.2962;0.0352711;0.199177;0.311077
39.3212;0.0352591;0.199224;0.304369
39.3461;0.0342695;0.199224;0.302465
39.3711;0.0340301;0.198985;0.295711
39.396;0.0334954;0.199121;0.289371
39.421;0.0329687;0.199073;0.287387
39.4459;0.0330286;0.199161;0.279944
39.4709;0.0322784;0.199113;0.276582
39.4958;0.0325896;0.198817;0.271428
39.5208;0.0317676;0.199201;0.264961
39.5457;0.0318594;0.199041;0.262688
39.5707;0.031644;0.199224;0.255629
39.5956;0.0310574;0.199224;0.253773
39.6206;0.0310374;0.199137;0.247674
39.6455;0.0307342;0.199224;0.24308
39.6705;0.0306304;0.199169;0.237766
39.6954;0.0300478;0.199113;0.231636
39.7204;0.0302075;0.199209;0.227618
39.7453;0.0296169;0.198857;0.223632
39.7703;0.0298443;0.198586;0.217581
39.7952;0.0290862;0.198817;0.213644
39.8202;0.0288946;0.198993;0.207673
39.8451;0.0286791;0.199097;0.200934
39.8701;0.0287749;0.199057;0.197157
39.8951;0.0280207;0.199137;0.191699
39.92;0.0280686;0.199177;0.188959
39.945;0.0279489;0.198235;0.183549
39.9699;0.02749;0.199224;0.176506
39.9949;0.0274261;0.199121;0.17196
40.0198;0.0273862;0.199041;0.167767
40.0448;0.0271029;0.198003;0.164453
40.0697;0.0272665;0.198546;0.159475
40.0947;0.0266879;0.198945;0.152673
40.1196;0.0263248;0.19829;0.150368
40.1446;0.0265283;0.19845;0.143773
40.1695;0.0260813;0.198658;0.1403
40.1945;0.02581;0.199081;0.135754
40.2194;0.0260814;0.199105;0.129095
40.2444;0.025782;0.198929;0.125398
40.2693;0.0259816;0.199025;0.119347
40.2943;0.0252672;0.199201;0.113153
40.3192;0.0259457;0.19861;0.110527
40.3442;0.0254907;0.198666;0.104173
40.3691;0.0254468;0.198378;0.100523
40.3941;0.0251994;0.198881;0.0958493
40.419;0.0249161;0.198857;0.0893015
40.444;0.0246926;0.198626;0.08562
40.4689;0.0243094;0.19861;0.0798737
40.4939;0.0243693;0.198905;0.0776008
40.5188;0.0243534;0.198905;0.0718866
40.5438;0.0241419;0.198179;0.0672929
40.5687;0.0242776;0.198993;0.0623307
40.5937;0.0241538;0.198969;0.0563282
40.6186;0.0239822;0.198953;0.0531429
40.6436;0.0237388;0.199185;0.0479246
40.6685;0.0238027;0.198714;0.0431381
40.6934;0.0234914;0.19845;0.037792
40.7184;0.0235433;0.198825;0.0319497
40.7433;0.0235952;0.199193;0.0275319
40.7683;0.0233518;0.198474;0.0239143
40.7932;0.0231722;0.198426;0.0170473
40.8182;0.023236;0.198618;0.0125493
40.8431;0.0234475;0.198514;0.00798742
40.8681;0.0227732;0.199113;0.00136058
40.893;0.0229846;0.198259;-0.000848361
40.918;0.0231363;0.19849;-0.00728311
40.9429;0.0225417;0.198618;-0.0105645
40.9679;0.0228969;0.199145;-0.0167271
40.9928;0.0223662;0.198514;-0.0238503
41.0178;0.0220908;0.19877;-0.0270356
41.0427;0.022446;0.198323;-0.0319977
41.0677;0.0222504;0.199017;-0.0379521
41.0926;0.0224459;0.198179;-0.0414097
41.1176;0.0220469;0.19845;-0.0476845
41.1425;0.0223981;0.198698;-0.053735
41.1675;0.0215122;0.198841;-0.0561681
41.1924;0.0216958;0.198937;-0.0634512
41.2174;0.0217796;0.198251;-0.0664923
41.2423;0.0214923;0.198075;-0.0723188
41.2673;0.0215281;0.198474;-0.0790894
41.2922;0.0216997;0.198881;-0.0829309
41.3172;0.0216998;0.197173;-0.0878929
41.3421;0.0213566;0.198027;-0.092776
41.3671;0.0213047;0.198107;-0.0969057
41.392;0.0214962;0.197676;-0.103661
41.417;0.021576;0.197995;-0.106942
41.4419;0.0212808;0.196104;-0.111824
41.4669;0.0210134;0.198777;-0.116882
41.4918;0.020762;0.197899;-0.119891
41.5168;0.0210094;0.199224;-0.127431
41.5417;0.0209495;0.199201;-0.130488
41.5667;0.0207939;0.199185;-0.136218
41.5916;0.0211491;0.199224;-0.143661
41.6166;0.0206981;0.199185;-0.145566
41.6415;0.0208378;0.199224;-0.15176
41.6665;0.0206463;0.199224;-0.156914
41.6914;0.0205984;0.199169;-0.160596
41.7164;0.0201834;0.199081;-0.166774
41.7413;0.0204268;0.199224;-0.172088
41.7663;0.0202752;0.198905;-0.17569
41.7912;0.0201834;0.198626;-0.18094
41.8162;0.020335;0.198514;-0.183869
41.8411;0.0199958;0.199089;-0.190162
41.8661;0.0201914;0.198714;-0.194372
41.891;0.0205665;0.198195;-0.199606
41.916;0.0202233;0.199081;-0.192419
41.9409;0.0200637;0.198809;-0.188863
41.9659;0.0201076;0.198394;-0.183709
41.9908;0.0201395;0.198698;-0.176986
42.0158;0.0205824;0.199137;-0.175242
42.0407;0.0205106;0.199081;-0.168839
42.0657;0.0204028;0.198945;-0.165462
42.0906;0.0204069;0.199201;-0.159683
42.1156;0.0202153;0.199224;-0.152657
42.1405;0.0209336;0.199177;-0.151088
42.1655;0.0207221;0.199224;-0.144061
42.1904;0.0206623;0.199105;-0.141949
42.2154;0.0206622;0.198809;-0.13545
42.2403;0.0208697;0.199224;-0.128919
42.2653;0.0209535;0.199009;-0.123541
42.2902;0.0211212;0.199209;-0.119683
42.3152;0.0214404;0.199224;-0.112784
42.3401;0.0211491;0.199224;-0.109727
42.3651;0.021572;0.199224;-0.103869
42.39;0.021201;0.198474;-0.0991947
42.415;0.0213047;0.199057;-0.0958493
42.4399;0.0214723;0.198586;-0.0883731
42.4649;0.0215322;0.198881;-0.0878609
42.4898;0.0215002;0.198849;-0.0813143
42.5148;0.0218873;0.198019;-0.0761603
42.5397;0.0218873;0.198889;-0.0716305
42.5647;0.0218833;0.198187;-0.0648918
42.5896;0.0219671;0.198881;-0.0627309
42.6146;0.022027;0.199017;-0.055912
42.6395;0.0223342;0.199177;-0.0506458
42.6645;0.021999;0.199017;-0.045107
42.6894;0.0220748;0.198873;-0.0400009
42.7144;0.0220908;0.199065;-0.0348789
42.7393;0.0223462;0.198889;-0.0312454
42.7643;0.0224859;0.199105;-0.0246186
42.7892;0.0227891;0.198961;-0.0211289
42.8142;0.0225577;0.199224;-0.0157667
42.8391;0.0227452;0.199216;-0.00926794
42.8641;0.0227811;0.199129;-0.00646676
42.889;0.023252;0.198586;0
42.914;0.0228729;0.199201;0.00430582
42.9389;0.0232679;0.199041;0.00800343
42.9639;0.0230525;0.199025;0.0153506
42.9888;0.0232201;0.198578;0.0179277
43.0138;0.0234874;0.198985;0.0239623
43.0387;0.023228;0.199009;0.0297727
43.0637;0.0236471;0.198362;0.0323498
43.0886;0.023675;0.199089;0.0396968
43.1136;0.0237149;0.199209;0.0449794
43.1385;0.0240341;0.198873;0.0482288
43.1635;0.0244173;0.198618;0.0544554
43.1884;0.0243613;0.199049;0.0567923
43.2134;0.0242297;0.199193;0.0638193
43.2383;0.024505;0.199224;0.0697578
43.2633;0.0249001;0.198506;0.0719347
43.2882;0.0247165;0.198937;0.0789294
43.3132;0.0251994;0.198578;0.0812503
43.3382;0.0246726;0.199137;0.0878609
43.3631;0.0250119;0.198897;0.0915434
43.3881;0.0251037;0.199089;0.0962655
43.413;0.0255984;0.198187;0.102588
43.438;0.0254548;0.198977;0.106318
43.4629;0.0255267;0.198554;0.111824
43.4879;0.0260215;0.19841;0.113793
43.5128;0.0261851;0.198977;0.119859
43.5378;0.026237;0.199009;0.12655
43.5627;0.0263767;0.199169;0.131
43.5877;0.0263088;0.198969;0.13569
43.6126;0.0269274;0.198706;0.141884
43.6376;0.0267158;0.198067;0.144654
43.6625;0.0270071;0.198003;0.151232
43.6875;0.0270949;0.198762;0.155298
43.7124;0.0271947;0.199017;0.160068
43.7374;0.0276416;0.198873;0.166118
43.7623;0.0274341;0.198738;0.167735
43.7873;0.0279449;0.198913;0.174601
43.8122;0.0280287;0.199041;0.179051
43.8372;0.0284198;0.199097;0.183773
43.8621;0.0284277;0.198897;0.190914
43.8871;0.0289026;0.199113;0.192659
43.912;0.0286791;0.198985;0.199622
43.937;0.0289225;0.199169;0.20404
43.9619;0.029589;0.198578;0.208682
43.9869;0.0297885;0.199224;0.215228
44.0118;0.029984;0.199049;0.21891
44.0368;0.0303351;0.199145;0.223648
44.0617;0.0304189;0.198873;0.230307
44.0866;0.030794;0.198849;0.232932
44.1116;0.0308738;0.198634;0.239463
44.1365;0.0309856;0.199216;0.245337
44.1615;0.0317557;0.199224;0.24809
44.1864;0.0323662;0.199201;0.254765
44.2114;0.0322545;0.199216;0.257598
44.2363;0.0325657;0.198929;0.263585
44.2613;0.0329927;0.199137;0.26741
44.2862;0.0333837;0.199129;0.272436
44.3112;0.0337907;0.198706;0.278344
44.3361;0.0343852;0.199081;0.281544
44.3611;0.0345648;0.199193;0.287547
44.386;0.0345967;0.199153;0.292061
44.411;0.0350596;0.199073;0.297455
44.4359;0.0359893;0.199216;0.303521
44.4609;0.036137;0.199224;0.306291
44.4858;0.0362806;0.199145;0.311461
44.5108;0.0369071;0.199224;0.317414
44.5357;0.0374977;0.199209;0.321193
44.5607;0.0379566;0.199017;0.327484
44.5856;0.0383516;0.199224;0.331836
44.6106;0.0391696;0.198945;0.335469
44.6355;0.0399477;0.199097;0.339345
44.6605;0.0398719;0.199145;0.344962
44.6854;0.0405462;0.198738;0.351428
44.7104;0.0417473;0.199089;0.35628
44.7353;0.041887;0.199073;0.360312
44.7603;0.0416795;0.198993;0.366858
44.7852;0.0436349;0.199089;0.368363
44.8102;0.0445926;0.199081;0.374847
44.8351;0.0437746;0.199137;0.38162
44.8601;0.0448839;0.199224;0.385924
44.885;0.0473898;0.199193;0.391222
44.91;0.0468671;0.198937;0.396427
44.9349;0.0467593;0.199224;0.400251
44.9599;0.0498722;0.199177;0.40678
44.9848;0.0496723;0.199185;0.410048
45.0098;0.051093;0.199224;0.415347
45.0347;0.0486071;0.199224;0.422066
45.0597;0.0550278;0.199224;0.423539
45.0846;0.0547884;0.199224;0.430457
45.1096;0.0514004;0.199224;0.436632
45.1345;0.0567076;0.199224;0.441148
45.1595;0.0604427;0.199209;0.444079
45.1844;0.0575457;0.199216;0.448415
45.2094;0.0579209;0.199224;0.454993
45.2343;0.0624699;0.199224;0.458371
45.2593;0.0627572;0.199224;0.464407
45.2842;0.0644411;0.199224;0.471079
45.3092;0.0649518;0.199193;0.476717
45.3341;0.0662486;0.198977;0.479517
45.3591;0.0704184;0.199185;0.485981
45.384;0.0671225;0.199224;0.491635
45.409;0.0723138;0.199224;0.49522
45.4339;0.0730521;0.199224;0.501763
45.4589;0.0746122;0.198498;0.504341
45.4838;0.0763641;0.199177;0.511163
45.5088;0.0754303;0.199224;0.516665
45.5337;0.0827604;0.199097;0.519179
45.5587;0.0784589;0.199177;0.525617
45.5836;0.0828288;0.198953;0.531376
45.6086;0.0824015;0.199224;0.535538
45.6335;0.0833111;0.199209;0.542631
45.6585;0.0882316;0.199224;0.5438
45.6834;0.0857536;0.199105;0.551416
45.7084;0.0867831;0.199049;0.55888
45.7333;0.0882077;0.199224;0.562223
45.7583;0.0884949;0.199097;0.567103
45.7832;0.0894526;0.199129;0.571795
45.8082;0.0888221;0.199177;0.576935
45.8331;0.0886585;0.199216;0.58308
45.8581;0.0885468;0.199121;0.587131
45.883;0.0881678;0.199209;0.591101
45.908;0.0879882;0.199224;0.59606
45.9329;0.0856579;0.199216;0.601502
45.9579;0.0839738;0.199224;0.607041
45.9828;0.0837021;0.199161;0.612149
46.0078;0.0805458;0.199224;0.615157
46.0327;0.0795961;0.199224;0.622426
46.0577;0.0763521;0.199105;0.623322
46.0826;0.0756458;0.199224;0.630441
46.1076;0.073475;0.199193;0.635452
46.1325;0.0706299;0.198754;0.640433
46.1575;0.0690019;0.199209;0.646579
46.1824;0.0684952;0.199224;0.650789
46.2074;0.0639702;0.199224;0.655144
46.2323;0.0632679;0.199129;0.662038
46.2573;0.062462;0.199224;0.664054
46.2822;0.0601714;0.199224;0.670827
46.3072;0.0578811;0.199216;0.67656
46.3321;0.0578809;0.199105;0.678928
46.3571;0.0552233;0.198913;0.684051
46.382;0.0538545;0.198618;0.68858
46.407;0.0526054;0.199209;0.694755
46.4319;0.0516198;0.199224;0.700854
46.4569;0.0502709;0.199224;0.702935
46.4818;0.0492652;0.199224;0.709966
46.5068;0.0481839;0.198698;0.712861
46.5317;0.0472461;0.199129;0.719217
46.5567;0.0468751;0.199049;0.72648
46.5816;0.0453108;0.199224;0.728927
46.6066;0.0449836;0.198937;0.734836
46.6315;0.0440938;0.199216;0.739566
46.6565;0.0425097;0.199201;0.743024
46.6814;0.0424418;0.199201;0.748974
46.7064;0.041045;0.199065;0.753918
46.7313;0.0420108;0.199017;0.758802
46.7563;0.0393493;0.198897;0.762298
46.7812;0.0393492;0.199185;0.766794
46.8062;0.0397362;0.199201;0.772012
46.8312;0.0380444;0.198761;0.775565
46.8561;0.0380323;0.199105;0.782732
46.8811;0.0373979;0.199185;0.787885
46.906;0.0379965;0.199145;0.784141
46.931;0.0384314;0.199224;0.780285
46.9559;0.0388624;0.198833;0.774606
46.9809;0.0393332;0.199224;0.769548
47.0058;0.0399757;0.199216;0.766554
47.0308;0.0402669;0.199049;0.760162
47.0557;0.0413483;0.199209;0.758738
47.0807;0.0420347;0.199224;0.752319
47.1056;0.0428248;0.199224;0.746785
47.1306;0.0438424;0.199216;0.742784
47.1555;0.0445687;0.199224;0.735716
47.1805;0.0458176;0.199161;0.73338
47.2054;0.046472;0.199201;0.726864
47.2304;0.0476771;0.199185;0.722642
47.2553;0.0484552;0.199121;0.718306
47.2803;0.0495526;0.198817;0.711022
47.3052;0.050702;0.199224;0.707191
47.3302;0.0523104;0.199224;0.702887
47.3551;0.0535274;0.199193;0.697829
47.3801;0.0549959;0.199224;0.69386
47.405;0.0563805;0.199201;0.687029
47.4299;0.0579687;0.199224;0.681634
47.4549;0.0600278;0.199224;0.678928
47.4798;0.0617117;0.199224;0.672667
47.5048;0.0634515;0.199153;0.668683
47.5297;0.0652391;0.199224;0.663014
47.5547;0.06735;0.199224;0.658136
47.5796;0.0694927;0.199145;0.6546
47.6046;0.0711447;0.199224;0.647844
47.6295;0.073455;0.199224;0.644239
47.6545;0.0752747;0.199224;0.638702
47.6794;0.0772499;0.198849;0.632682
47.7044;0.0798834;0.199224;0.627563
47.7293;0.0815513;0.199193;0.623018
47.7543;0.0834268;0.199201;0.618247
47.7792;0.0850671;0.199224;0.615029
47.8042;0.0865278;0.199201;0.60845
47.8291;0.0874375;0.199224;0.604641
47.8541;0.0879204;0.199224;0.599052
47.879;0.0888022;0.199224;0.59219
47.904;0.0888102;0.199224;0.590462
47.9289;0.0885269;0.199216;0.58364
47.9539;0.0883353;0.199193;0.581285
47.9788;0.0875972;0.199185;0.575093
48.0038;0.0869388;0.199224;0.569104
48.0287;0.0867233;0.199224;0.56536
48.0537;0.085151;0.199209;0.55912
48.0786;0.0843686;0.199209;0.554812
48.1036;0.0831276;0.199145;0.549687
48.1285;0.0814476;0.199224;0.543207
48.1535;0.080067;0.199209;0.539107
48.1784;0.0787143;0.199177;0.534433
48.2034;0.0768828;0.199224;0.527602
48.2283;0.0755061;0.199097;0.523309
48.2533;0.0740217;0.199224;0.518891
48.2782;0.0722181;0.199209;0.511819
48.3032;0.0709252;0.199177;0.508952
48.3281;0.0694089;0.199105;0.503284
48.3531;0.0676053;0.199161;0.500005
48.378;0.0661848;0.199097;0.493842
48.403;0.0646765;0.198905;0.487309
48.4279;0.0631842;0.198745;0.483503
48.4529;0.0621347;0.199224;0.479246
48.4778;0.0610573;0.199113;0.471879
48.5028;0.0597445;0.199185;0.467993
48.5277;0.058304;0.199209;0.463255
48.5527;0.0566838;0.199041;0.455808
48.5776;0.055802;0.199224;0.452033
48.6026;0.0547086;0.198977;0.447296
48.6275;0.0534237;0.199049;0.442811
48.6525;0.0523663;0.199193;0.438618
48.6774;0.0513684;0.199224;0.431545
48.7024;0.050255;0.199185;0.4269
48.7273;0.0495286;0.199224;0.423331
48.7523;0.048527;0.198754;0.418388
48.7772;0.0476013;0.198458;0.414161
48.8022;0.0468192;0.198905;0.407949
48.8271;0.0456261;0.198897;0.404429
48.8521;0.0450595;0.199121;0.399372
48.877;0.0443013;0.199073;0.393511
48.902;0.0436668;0.198889;0.390582
48.9269;0.0430523;0.199216;0.383685
48.9519;0.0423659;0.199169;0.377328
48.9768;0.0418631;0.199193;0.373084
49.0018;0.0407537;0.198809;0.367418
49.0267;0.0402749;0.198993;0.363611
49.0517;0.039437;0.199224;0.359433
49.0766;0.0389502;0.198562;0.353604
49.1016;0.0388464;0.199081;0.349764
49.1265;0.037781;0.199089;0.343506
49.1515;0.0376214;0.199224;0.337502
49.1764;0.0372623;0.199089;0.335277
49.2014;0.0367794;0.199065;0.329149
49.2263;0.0362806;0.199145;0.326827
49.2513;0.0357659;0.198674;0.319591
49.2762;0.0358696;0.198785;0.313606
49.3012;0.0347483;0.198762;0.311029
49.3261;0.0347084;0.199017;0.303937
49.3511;0.0343054;0.199121;0.300673
49.376;0.0342895;0.199224;0.295182
49.401;0.033667;0.199169;0.288459
49.4259;0.0334156;0.198953;0.286523
49.4509;0.0327093;0.199169;0.280072
49.4758;0.0324899;0.198929;0.275206
49.5008;0.0322265;0.199177;0.271348
49.5257;0.0317916;0.199049;0.264993
49.5507;0.0318594;0.199209;0.260607
49.5756;0.0315642;0.198937;0.255597
49.6006;0.0310454;0.198937;0.252028
49.6255;0.0309177;0.199073;0.24761
49.6505;0.0305746;0.198706;0.241207
49.6754;0.0303471;0.199201;0.236373
49.7004;0.0299521;0.199216;0.231636
49.7253;0.0298803;0.198035;0.225841
49.7503;0.0294573;0.198706;0.223552
49.7752;0.0290064;0.199113;0.216365
49.8002;0.0292937;0.199224;0.2131
49.8251;0.0288108;0.197573;0.207001
49.8501;0.0289026;0.198929;0.200374
49.875;0.0281843;0.199161;0.196789
49.9;0.0282003;0.199153;0.191699
